1 4
17 4
80 4
81 4
93 4
103 8
104 6
105 4
120 4
150 6
151 4
166 4
176 4
207 8
208 6
209 4
214 6
215 4
215 12
216 10
217 8
218 6
219 4
223 4
231 4
237 4
264 6
265 4
272 4
272 10
273 8
274 6
275 4
277 6
278 4
300 4
321 4
322 4
332 6
333 4
336 6
337 4
353 4
356 4
368 4
374 4
414 4
441 12
442 10
443 8
444 6
445 4
451 6
452 4
455 4
487 4
487 6
488 4
489 4
494 4
507 4
509 4
523 4
609 4
616 4
617 4
626 8
627 6
628 4
650 6
651 4
654 4
665 6
666 4
679 4
706 4
714 4
721 4
748 6
749 4
765 4
795 4
810 6
811 4
830 6
831 4
852 6
853 4
869 4
871 4
874 4
878 4
878 6
879 4
880 4
889 4
