1000 9891
581 638
406 61
623 23
794 969
691 943
74 919
436 82
146 422
959 134
532 180
865 977
627 750
43 801
264 687
322 248
843 774
294 114
698 753
409 149
818 632
636 215
947 868
160 114
235 726
606 491
421 117
518 685
832 420
358 999
230 975
895 971
24 992
187 536
334 857
425 899
501 168
874 690
51 121
576 808
832 322
782 640
887 740
69 357
539 77
121 110
838 59
253 633
805 130
643 90
430 208
849 786
583 506
616 727
657 395
240 763
131 892
261 821
300 861
434 663
990 610
405 502
747 157
196 429
110 687
755 694
775 861
797 933
135 194
376 233
663 744
998 249
243 232
214 443
785 811
860 361
25 974
512 456
185 16
100 389
707 119
998 426
802 385
769 328
698 350
440 66
209 379
143 56
346 948
844 155
369 125
261 77
142 960
643 701
369 206
907 932
749 163
536 954
95 49
132 77
226 800
557 796
988 179
854 166
109 149
330 834
544 500
28 157
654 121
531 238
156 394
939 629
607 165
972 507
960 403
615 108
291 851
377 240
819 457
838 39
861 862
790 218
331 547
775 530
27 746
504 237
676 213
496 229
475 444
651 401
870 871
110 728
771 776
296 680
872 839
634 682
488 944
713 57
186 155
168 610
247 840
243 109
470 595
767 987
385 231
394 127
965 484
769 25
160 528
413 162
731 171
345 532
258 945
354 730
907 260
587 808
181 55
368 994
574 243
778 59
66 377
74 860
509 635
592 785
919 862
422 402
960 789
410 870
379 83
640 423
786 70
510 927
424 562
591 658
632 609
597 465
262 634
856 597
817 753
123 86
640 342
34 765
402 553
983 819
593 266
298 166
652 857
756 703
816 66
263 868
108 273
834 353
610 975
402 136
853 451
96 925
61 90
312 741
934 235
47 71
74 355
93 389
934 197
517 291
834 425
430 420
749 314
877 261
383 76
476 418
793 608
683 596
960 511
84 47
948 592
734 33
97 779
365 706
719 407
518 806
128 688
93 216
477 185
117 210
504 9
238 690
680 12
222 215
990 489
709 399
196 342
839 764
42 892
637 765
983 977
624 488
495 171
405 159
742 88
67 336
193 957
668 664
737 312
797 542
711 952
893 949
417 210
271 747
293 879
275 748
628 134
885 529
779 140
198 932
556 58
849 192
764 821
270 416
732 283
163 560
871 304
177 282
462 540
382 802
694 859
310 592
29 248
982 198
821 332
928 142
602 93
514 971
44 607
364 888
808 579
860 772
118 186
220 335
606 415
697 673
848 979
914 226
835 892
13 232
89 322
149 536
888 574
500 268
796 881
144 232
679 644
691 992
297 414
805 894
106 185
359 217
343 564
842 245
991 916
121 2
410 377
672 924
54 824
382 405
701 543
378 572
451 284
471 193
680 262
20 879
438 10
974 232
813 86
724 983
375 613
747 478
785 701
642 862
92 137
2 673
276 64
153 315
582 556
50 661
407 758
988 883
826 18
522 267
944 233
323 244
642 608
937 880
833 679
134 204
604 360
928 605
769 577
91 225
599 9
466 647
30 284
824 269
152 518
17 764
406 942
834 45
651 545
804 853
731 351
53 327
277 947
574 955
505 602
425 224
479 445
227 44
455 452
313 603
499 38
65 10
552 413
36 669
575 676
393 209
728 229
514 608
198 249
643 284
22 843
363 476
282 172
799 641
343 773
307 275
645 455
260 635
796 853
525 177
894 10
529 54
503 879
913 919
625 397
24 906
869 328
413 744
492 208
53 989
921 301
23 821
250 159
572 794
413 665
123 809
673 658
244 3
500 949
746 845
874 134
712 757
179 664
254 124
794 455
963 452
619 358
547 133
563 118
941 389
45 208
530 944
275 438
590 916
955 297
971 735
484 375
759 916
565 715
307 759
513 928
162 206
698 492
583 959
902 723
538 533
462 549
46 804
506 605
881 703
19 151
433 910
622 246
659 360
184 72
80 233
416 43
507 859
990 660
886 965
924 497
91 649
990 807
95 65
558 683
226 912
815 312
448 410
195 887
240 92
124 317
374 395
372 489
752 199
127 193
917 889
317 809
598 410
356 785
641 847
161 773
704 672
476 334
920 325
170 989
743 264
925 859
876 239
434 30
733 274
535 28
465 628
967 689
880 447
675 919
184 960
496 626
957 731
816 465
889 253
600 328
388 530
496 961
996 730
491 54
288 989
733 165
555 845
603 601
716 856
36 442
867 944
210 373
418 102
807 448
771 694
96 372
24 465
812 90
440 467
730 767
30 831
635 125
215 117
526 756
810 395
612 767
253 299
388 993
7 777
335 652
543 363
655 941
323 204
786 716
570 215
661 252
574 567
378 876
427 154
878 137
772 542
76 131
863 749
794 782
109 453
458 591
20 458
420 73
723 65
109 86
695 755
113 19
846 869
346 972
445 180
104 362
916 627
261 209
223 99
424 480
49 981
322 451
625 154
681 152
240 120
701 197
293 549
351 860
725 207
785 106
752 227
933 50
572 342
663 137
22 883
947 234
514 475
217 457
36 907
623 849
870 550
857 665
589 902
127 987
878 769
551 774
850 434
230 464
196 704
333 767
680 13
297 579
887 866
272 250
227 879
174 362
840 322
443 327
194 707
486 283
79 472
10 241
80 205
582 449
419 447
267 883
507 342
181 153
242 985
208 201
6 28
464 99
172 812
708 142
566 228
234 629
876 964
185 79
169 562
955 575
349 836
125 349
786 579
425 489
958 221
534 864
683 102
901 35
8 302
800 858
385 46
324 804
18 251
327 391
844 51
517 211
388 25
635 158
891 8
998 871
808 580
991 61
407 156
563 474
247 861
969 599
915 171
754 403
518 598
832 457
355 292
729 119
473 945
844 352
757 897
406 463
909 476
476 391
408 671
541 561
804 240
823 427
257 910
991 753
350 267
373 170
304 495
1000 860
362 189
913 827
398 701
351 743
374 524
68 495
305 11
396 422
608 684
145 610
990 458
794 113
780 60
663 337
281 211
547 232
441 277
832 706
104 697
689 76
417 268
110 499
129 176
774 320
650 370
903 100
929 425
971 818
258 967
133 745
483 620
724 694
599 810
357 395
159 389
931 155
339 752
332 895
99 929
285 372
505 306
98 889
670 162
627 946
802 490
492 388
608 421
845 392
403 397
167 156
207 915
685 607
322 71
124 223
198 562
414 527
557 995
43 803
869 659
29 332
892 212
469 280
161 316
660 722
612 203
156 796
787 209
660 577
27 196
869 629
691 365
736 834
588 931
296 227
813 834
259 54
693 883
505 179
216 58
53 649
457 304
60 251
724 290
460 701
641 866
95 403
762 124
13 412
54 584
678 406
741 770
598 601
178 428
788 981
500 529
330 371
404 990
443 48
26 72
118 754
819 653
657 282
92 473
844 840
349 294
230 107
323 663
733 64
510 203
718 300
903 170
617 703
505 969
968 431
452 64
510 346
516 649
203 542
613 395
560 777
337 128
979 817
214 590
129 156
262 80
880 154
86 628
323 66
396 910
868 686
7 804
600 769
551 939
152 457
206 700
621 547
472 550
534 974
406 873
838 450
209 377
817 634
414 984
795 635
247 118
158 477
90 447
19 121
534 808
835 507
262 835
925 129
5 455
304 507
725 456
818 538
284 130
658 499
967 127
399 3
250 395
333 843
528 907
411 1
92 970
843 2
226 19
40 821
5 761
338 582
598 296
710 310
255 415
97 789
478 378
819 90
583 205
162 875
514 319
313 961
915 596
957 646
588 564
684 955
480 249
912 54
253 908
192 256
403 398
992 772
554 759
557 677
762 370
11 816
140 916
14 901
883 474
41 617
997 622
106 1
662 224
119 773
481 917
875 735
613 431
882 113
172 43
300 496
229 470
659 715
181 275
420 236
738 700
280 124
872 758
894 299
103 675
20 245
167 70
885 861
254 8
428 626
267 564
623 73
401 506
733 665
226 308
720 22
365 90
384 615
958 177
998 694
655 243
677 535
34 763
806 325
826 527
275 255
518 329
62 213
166 9
508 630
312 888
51 149
973 312
237 322
728 303
514 49
677 218
131 250
141 13
804 723
187 691
170 559
859 730
669 535
853 362
209 589
605 409
877 404
516 382
349 219
204 706
467 545
447 882
452 708
735 337
787 709
666 446
524 816
728 875
771 217
455 864
171 901
249 825
324 173
141 465
54 850
805 954
591 105
538 103
651 268
889 777
373 408
999 500
233 237
452 9
931 223
737 205
884 20
773 657
837 378
551 700
110 468
42 924
941 460
234 336
676 655
347 19
739 16
137 753
51 791
287 639
275 351
319 46
622 333
556 269
919 783
494 740
690 769
380 191
329 955
200 525
721 157
189 415
655 166
551 81
116 436
672 108
868 43
83 885
647 419
165 359
900 238
189 353
706 13
673 444
123 485
450 847
581 697
174 638
341 407
307 27
456 895
420 794
807 670
44 926
31 672
622 747
588 783
827 705
899 844
114 898
922 759
886 44
212 11
878 960
974 643
957 463
911 423
321 661
303 813
952 561
23 162
615 772
230 354
122 363
123 926
26 117
10 606
743 160
391 335
784 41
801 909
415 69
456 394
439 626
780 61
636 545
633 855
291 472
310 468
704 367
813 451
906 743
266 774
31 26
93 945
519 369
150 508
564 878
379 608
984 958
76 512
423 301
764 629
980 682
699 770
632 223
595 981
229 127
272 808
772 945
755 27
169 668
738 983
423 19
996 215
190 362
502 520
671 505
317 882
91 227
879 122
4 746
872 492
891 344
547 692
369 86
61 632
557 531
704 969
488 356
949 409
454 585
437 693
755 422
608 621
307 857
18 220
38 27
520 358
536 100
892 324
71 97
437 599
791 680
973 517
308 174
389 980
627 715
820 392
531 215
844 310
863 106
520 68
763 334
835 717
253 970
105 936
714 774
880 482
109 976
937 125
919 181
614 823
799 643
486 698
540 317
184 898
183 879
311 346
918 486
740 852
839 928
110 60
184 806
927 751
404 846
560 556
23 932
82 160
170 113
536 248
49 186
196 63
694 298
533 856
951 185
523 723
612 419
105 99
512 786
498 895
827 484
819 654
258 569
243 237
889 547
618 419
140 565
919 746
516 936
276 213
775 141
637 118
405 470
470 135
72 338
184 45
280 319
264 644
711 672
587 743
950 268
493 175
169 521
961 366
650 216
815 646
375 143
48 296
768 131
467 733
428 685
911 70
221 854
702 159
960 554
576 462
619 504
854 74
660 520
109 1
712 321
296 418
593 700
597 284
853 130
303 161
566 745
164 633
403 759
316 812
248 714
744 847
855 709
1 780
398 830
577 542
717 548
670 746
175 200
260 970
302 197
69 326
582 265
257 580
365 382
339 64
279 649
309 792
907 693
232 779
982 773
309 905
571 490
755 633
19 295
482 571
182 312
827 181
205 761
41 616
996 708
906 556
546 535
528 118
429 375
325 288
589 595
555 847
438 65
21 231
791 455
120 158
319 454
824 796
254 233
821 994
168 756
208 449
923 868
270 681
346 339
293 840
883 104
849 328
775 96
246 824
101 235
682 632
864 779
315 581
834 687
375 845
881 712
129 921
318 503
926 246
842 929
863 601
989 782
351 373
194 208
734 974
186 572
981 895
402 337
881 443
651 619
284 112
308 657
363 457
388 438
711 59
265 645
928 67
89 73
218 623
165 164
922 609
316 816
924 439
636 905
657 788
899 851
94 101
98 120
870 762
669 613
549 927
217 350
326 8
628 952
404 706
442 637
408 645
60 239
744 585
250 286
786 338
116 937
921 457
101 981
122 340
286 565
948 706
832 939
300 913
546 857
999 17
412 775
236 707
935 873
681 346
645 831
867 611
762 407
581 177
495 646
146 64
309 542
435 719
20 743
582 68
996 760
444 519
804 231
615 167
838 289
945 959
505 896
112 814
385 192
252 840
875 587
641 55
399 291
846 120
24 47
299 151
161 234
824 534
219 92
20 27
507 473
519 208
336 47
9 159
447 245
450 59
569 439
436 122
254 705
789 698
543 256
299 450
637 229
734 938
155 643
708 573
470 280
53 352
535 956
830 104
722 657
100 781
736 544
360 978
969 964
142 46
492 215
921 873
973 608
429 706
485 838
626 324
136 338
959 546
429 595
268 248
734 486
572 389
347 922
339 794
507 720
145 437
18 701
968 984
184 557
101 828
46 151
395 941
602 527
359 772
522 982
625 486
240 836
316 425
305 952
491 853
719 229
166 687
45 950
236 747
658 527
974 973
293 662
724 252
469 999
93 987
439 243
210 25
509 11
617 850
619 268
875 678
586 991
806 996
309 276
71 917
618 76
980 683
655 705
626 627
272 666
789 907
721 845
982 888
564 653
994 894
928 592
780 721
146 757
111 239
395 251
812 322
907 734
232 76
320 575
316 968
489 972
454 590
829 626
78 702
1000 448
160 7
714 722
108 709
199 158
39 354
995 199
800 983
892 325
285 913
435 173
860 922
754 437
482 208
744 739
291 484
491 386
934 768
989 197
35 465
753 708
745 820
981 476
287 335
321 766
957 323
362 159
843 420
258 498
620 786
16 160
326 581
750 660
883 448
24 683
872 562
210 684
174 622
738 436
477 384
975 385
211 736
103 330
604 429
237 724
333 941
558 266
656 382
815 281
314 158
78 175
688 776
929 331
379 508
203 682
233 855
345 429
146 582
902 17
324 34
142 682
540 521
208 34
984 874
686 763
378 414
217 788
207 881
171 199
122 923
15 126
581 100
413 789
576 922
21 826
902 605
515 767
619 703
66 213
639 688
454 852
610 918
900 54
758 262
590 975
30 870
395 646
782 54
929 578
93 445
221 744
972 352
574 180
888 923
207 437
796 150
763 365
269 50
92 635
700 378
312 555
577 481
575 554
545 515
417 940
255 110
313 967
957 502
173 295
298 656
167 146
231 297
383 394
684 949
559 407
727 881
31 814
854 716
258 470
701 866
739 455
900 936
135 141
541 906
266 844
215 419
624 448
97 320
850 126
519 70
44 716
569 990
842 490
499 197
889 589
104 755
836 204
569 591
774 270
43 272
907 288
459 633
980 739
972 659
738 813
206 879
300 272
945 717
360 59
147 383
111 182
846 831
613 16
265 200
410 949
794 781
778 50
561 526
356 158
652 325
881 715
659 137
536 252
423 824
856 601
290 623
554 480
298 162
134 580
198 395
199 102
783 681
368 418
846 763
263 533
763 43
891 990
570 176
912 569
520 398
667 289
668 30
504 648
965 588
568 410
403 899
248 598
212 497
72 644
877 257
109 919
974 677
23 43
444 220
762 67
66 586
230 632
783 541
382 816
114 961
908 194
438 913
866 852
150 5
478 630
779 631
62 881
581 303
339 204
885 217
486 60
548 15
126 23
128 978
21 137
982 828
766 455
470 512
496 895
686 260
428 12
50 538
770 291
833 957
776 912
68 74
675 226
128 111
310 155
572 618
349 959
977 510
543 443
363 987
159 418
44 385
613 163
622 339
578 384
722 477
688 341
462 608
138 890
176 441
911 165
273 529
570 857
627 360
636 490
638 552
734 939
310 711
544 739
797 207
325 734
198 612
313 466
584 627
14 122
146 82
403 705
43 742
709 777
636 831
283 953
692 249
469 320
217 159
18 920
464 960
730 423
291 561
758 505
908 896
691 48
249 694
658 219
291 926
164 144
704 891
361 582
748 86
966 37
550 292
164 231
257 899
19 732
3 550
969 173
922 919
857 762
474 798
460 969
141 354
474 897
572 970
679 998
997 595
232 723
749 862
497 753
775 884
439 867
812 255
206 26
577 902
615 202
301 894
54 919
654 770
34 155
362 892
901 575
560 255
474 453
896 336
79 229
779 172
747 752
487 821
381 274
312 263
978 219
594 357
503 306
158 202
716 720
163 673
114 401
556 824
151 756
817 684
699 704
172 704
857 376
344 293
489 860
53 323
635 191
212 740
963 612
952 147
173 655
911 893
863 84
795 220
407 18
800 182
957 96
870 643
853 447
122 427
99 990
123 606
289 733
168 79
442 562
631 766
743 480
670 942
399 896
623 906
900 663
708 108
237 985
84 978
875 57
81 18
148 852
41 993
207 20
407 726
68 462
505 748
669 551
738 450
653 299
712 761
867 264
567 165
550 957
538 93
409 871
998 99
162 377
659 391
225 479
79 492
667 87
471 86
883 142
557 177
266 26
251 712
101 70
380 3
452 496
717 444
495 306
522 186
464 46
137 408
564 529
600 970
307 616
324 714
181 79
76 155
403 61
705 589
426 102
178 711
398 448
347 488
781 641
416 328
51 412
260 112
498 935
924 143
617 427
356 473
564 166
235 536
401 206
166 78
406 569
692 563
445 29
415 933
526 611
74 857
568 511
700 644
866 252
369 956
65 411
84 161
726 848
130 345
866 111
539 191
942 296
883 784
224 403
297 329
814 358
83 472
279 364
339 66
549 219
914 456
454 273
439 487
794 146
922 975
137 684
429 63
984 316
552 64
452 540
323 334
165 595
561 278
102 246
983 603
306 491
632 850
310 483
918 226
135 140
746 941
263 767
747 380
784 130
404 211
318 953
564 945
874 9
362 207
608 949
646 683
758 655
48 530
233 16
675 201
417 201
774 271
741 328
543 454
232 344
181 129
879 478
207 819
363 911
918 665
78 426
150 887
472 517
15 447
53 104
211 414
996 120
610 742
332 96
192 563
392 85
583 729
235 631
398 79
477 558
539 607
761 739
345 329
321 66
229 585
503 382
252 702
482 439
393 478
420 993
593 559
334 875
230 904
636 907
196 776
808 394
165 51
517 302
369 600
209 607
77 404
990 33
192 110
191 880
397 241
326 153
668 826
529 918
140 85
605 263
163 268
473 740
516 264
738 168
352 467
23 776
335 10
562 122
193 741
965 911
657 342
770 111
704 151
466 54
366 615
920 431
349 741
576 465
127 484
944 277
600 471
568 821
954 210
349 668
513 337
58 126
484 308
379 566
881 904
845 813
497 903
809 838
870 320
525 923
985 922
582 596
521 844
275 352
4 610
884 420
116 974
869 8
552 704
802 83
659 454
326 735
838 758
848 509
498 186
307 928
697 232
991 433
42 479
377 932
857 498
379 114
554 306
995 348
386 627
4 934
78 723
412 387
40 978
424 305
223 67
557 863
688 658
928 97
378 24
714 926
588 955
922 579
551 567
472 460
882 555
866 164
114 897
246 776
2 893
454 447
528 756
902 423
632 150
328 410
168 580
575 519
790 276
496 720
240 950
317 990
799 462
601 339
50 251
126 342
400 918
496 256
791 186
829 66
528 402
103 66
88 425
316 123
476 80
644 935
46 486
715 981
954 263
611 644
426 700
337 271
242 736
818 470
732 176
509 9
145 896
756 62
958 726
704 401
724 988
860 236
668 991
693 444
732 470
117 102
95 263
214 256
125 187
845 162
225 781
636 297
323 136
716 721
368 559
169 530
233 775
162 935
623 130
879 244
609 976
556 825
7 627
946 733
181 111
341 229
824 129
989 997
169 972
613 777
658 376
489 835
473 70
302 1000
114 368
26 766
377 674
70 655
507 803
970 393
860 997
175 460
682 5
576 512
239 722
406 395
134 668
534 966
514 714
623 582
527 597
477 824
278 331
852 804
891 886
601 346
731 993
661 982
649 950
559 159
193 274
981 361
349 73
476 359
317 881
486 776
360 288
732 592
948 533
112 349
41 855
376 418
98 755
317 595
571 304
720 918
718 385
455 805
600 480
504 437
130 21
196 427
344 734
383 583
301 449
6 924
67 670
327 508
927 285
932 374
515 422
305 6
8 880
318 621
154 978
449 962
802 838
551 577
139 798
385 270
613 280
23 756
634 997
929 329
336 459
120 466
671 329
772 912
684 196
8 573
25 577
601 738
693 178
782 336
113 776
498 194
411 729
764 233
433 897
365 680
542 266
384 671
920 833
687 581
190 103
843 866
601 956
42 38
632 698
492 138
972 188
166 79
994 324
425 199
78 779
666 994
459 928
212 360
196 789
363 268
400 274
199 930
455 308
682 392
135 167
376 183
294 480
801 526
787 975
354 198
293 186
576 778
403 982
216 310
151 76
562 373
543 850
487 244
808 205
369 669
524 697
27 883
376 335
50 48
567 629
697 815
628 581
331 729
371 468
83 72
145 669
438 826
511 464
24 275
603 958
692 15
148 507
40 260
165 238
870 232
604 284
144 354
642 225
920 451
258 758
81 825
262 278
46 649
254 230
124 633
534 418
993 908
929 484
512 652
327 965
594 8
152 11
779 102
512 315
560 831
716 571
702 610
760 847
389 435
137 298
712 210
284 919
24 244
280 286
356 9
983 508
401 510
733 661
972 883
898 842
294 323
186 584
651 654
891 261
240 433
755 498
995 291
83 861
651 543
781 676
8 390
356 510
877 76
859 449
492 238
131 448
99 84
558 547
655 413
885 561
58 891
443 579
892 510
765 872
398 793
916 862
979 482
822 892
109 917
934 846
773 708
155 149
452 689
198 85
914 410
473 634
477 2
62 740
441 399
47 272
469 750
663 106
101 743
158 630
92 494
185 692
917 747
25 419
215 261
447 604
848 317
453 331
127 804
202 717
42 870
280 783
135 243
21 248
519 265
97 354
426 616
29 541
945 956
376 590
380 759
1 100
479 749
79 423
742 45
745 223
546 280
767 586
327 937
698 79
371 925
906 944
500 575
446 929
116 555
40 788
746 322
547 783
767 680
392 276
449 325
466 669
211 392
768 223
162 782
881 378
539 796
527 551
816 747
601 587
213 277
52 149
610 651
863 719
497 450
406 900
118 402
484 728
902 222
489 870
952 10
644 320
782 709
30 599
623 444
700 623
666 939
207 585
658 55
833 546
329 507
751 600
311 575
574 227
777 323
763 166
710 483
1 841
147 567
41 951
758 511
743 617
640 884
734 116
794 773
919 2
639 313
187 320
466 505
670 963
909 185
804 465
173 196
917 670
349 428
701 823
81 726
23 815
432 718
486 79
527 751
899 268
427 639
399 765
510 208
901 795
854 789
792 286
902 383
978 17
673 581
487 593
43 461
150 611
279 837
508 183
774 212
578 973
154 657
147 328
609 757
239 411
122 672
618 365
803 693
806 596
402 774
440 429
42 289
727 667
850 648
671 394
399 87
481 880
826 517
88 526
824 130
384 547
800 891
322 243
913 444
346 765
916 577
496 162
557 817
213 11
929 714
901 810
783 924
844 477
282 916
446 643
251 313
433 187
278 328
891 777
32 802
549 963
36 746
681 219
420 137
576 815
575 563
589 588
495 708
664 605
193 386
537 549
495 565
791 104
957 320
250 452
966 406
549 182
419 81
112 429
519 546
220 462
795 282
193 684
409 838
73 470
555 982
205 286
315 113
727 588
49 45
49 223
567 167
514 81
438 121
811 753
405 96
997 710
893 789
486 341
824 772
342 914
699 68
276 499
868 629
723 330
732 4
668 41
918 913
150 527
978 132
372 395
661 806
875 532
859 907
487 970
534 737
332 777
208 263
975 593
209 82
784 566
896 46
256 141
459 406
996 247
392 349
164 929
721 72
744 247
638 535
142 856
489 540
697 39
610 704
699 191
682 422
373 995
789 940
378 268
379 61
660 780
323 767
886 940
913 408
695 794
627 576
494 585
868 416
578 4
193 34
798 513
513 220
696 199
155 55
327 219
313 633
601 107
66 835
322 505
97 959
377 415
585 578
160 371
422 624
259 105
973 832
891 642
268 489
452 606
70 37
217 503
623 827
41 801
338 357
654 269
148 30
948 746
914 454
697 814
520 977
266 617
639 70
934 668
81 542
822 733
383 661
240 621
295 631
551 909
819 541
914 891
609 113
390 472
600 620
250 813
779 8
121 799
931 341
458 949
275 729
202 795
573 760
782 804
10 86
392 434
87 68
28 978
989 616
367 180
668 695
483 427
979 558
712 211
923 37
808 191
915 790
55 539
940 323
959 481
266 286
985 606
591 746
280 398
565 971
803 986
809 537
185 279
494 267
282 699
483 22
982 44
458 472
591 776
942 910
381 427
433 654
694 515
697 285
200 835
599 386
693 609
969 957
381 909
554 1
744 687
415 552
36 723
221 713
616 489
869 793
545 947
913 55
610 155
149 525
135 558
965 875
676 274
698 293
718 685
852 51
690 178
467 23
140 87
843 400
404 556
576 53
830 750
141 379
240 570
296 764
704 233
412 776
687 464
215 467
883 445
266 879
960 953
654 698
567 239
842 442
93 868
846 418
3 516
876 653
127 517
917 61
906 814
335 584
91 508
823 807
310 158
883 72
280 93
535 177
217 896
328 873
704 708
608 837
925 228
506 556
566 254
489 698
721 7
264 938
394 463
622 193
440 1
846 905
939 89
759 376
669 144
180 67
111 437
222 616
89 143
364 887
441 522
939 263
759 414
653 289
378 183
382 414
491 380
878 376
38 67
540 897
190 798
908 605
972 340
350 64
388 293
921 118
28 847
863 130
554 400
462 22
197 324
753 732
628 920
168 86
847 702
154 393
562 314
748 81
150 293
291 784
37 380
848 647
723 885
101 281
844 979
442 383
861 702
633 96
814 15
905 849
28 640
784 46
236 547
365 961
560 517
689 871
463 340
84 671
186 92
208 616
975 425
851 247
923 514
298 626
818 468
413 976
90 591
220 478
794 285
237 637
474 337
114 746
336 338
559 908
51 969
90 865
253 499
399 259
555 425
394 129
699 886
225 771
188 258
410 951
696 752
952 346
695 482
351 312
216 452
364 708
401 342
476 910
60 589
830 441
854 35
969 795
512 990
648 800
167 504
588 217
156 79
860 999
844 476
916 561
331 243
778 212
540 997
467 403
400 296
454 255
825 505
916 928
60 258
598 262
786 500
516 29
313 830
188 446
389 753
781 175
654 135
641 868
455 624
829 163
780 361
818 948
931 751
126 481
680 941
952 722
918 507
335 297
460 921
908 133
896 709
55 172
69 16
698 960
92 471
679 903
137 880
858 778
343 326
363 80
813 34
581 6
528 158
33 25
606 619
260 656
620 579
548 288
16 977
34 919
233 324
111 952
42 593
133 678
928 573
614 33
858 479
734 74
940 201
637 113
285 412
346 154
276 833
834 759
928 624
581 602
252 64
425 664
920 980
939 16
794 821
924 588
228 41
904 783
887 239
816 692
378 269
534 802
932 663
526 882
798 759
931 642
895 689
786 167
860 852
407 365
251 967
863 36
739 234
247 771
341 330
951 897
744 707
782 933
621 131
462 89
130 340
256 903
352 748
739 456
45 583
819 416
737 767
511 252
594 672
776 301
697 4
541 755
359 830
969 476
22 72
886 267
330 401
338 132
107 321
804 121
988 206
809 549
3 410
222 530
192 449
211 351
672 987
483 895
300 95
104 431
893 824
305 311
475 195
537 124
920 372
7 96
410 602
929 506
68 82
395 258
381 245
241 514
58 200
980 300
618 384
232 347
676 736
290 423
689 363
177 607
418 323
475 798
591 580
59 607
669 282
981 536
466 695
308 182
272 900
830 279
9 247
262 739
726 324
566 317
327 267
220 889
350 952
167 162
117 979
944 747
119 101
764 126
761 717
549 582
694 657
473 19
38 213
43 865
228 291
781 563
242 451
504 742
284 96
506 60
881 152
723 41
493 722
131 339
5 694
541 260
585 748
566 889
352 537
978 965
761 435
766 956
749 306
629 364
331 409
170 553
212 108
819 444
197 496
415 329
40 53
993 369
577 370
45 828
469 748
734 184
516 267
79 109
736 332
280 738
376 75
977 231
179 680
185 555
166 870
962 821
162 333
23 600
727 484
675 25
715 776
516 847
858 484
395 302
146 1000
87 761
845 810
409 638
23 314
615 690
507 367
474 412
682 601
664 196
994 855
760 877
155 971
462 757
836 450
416 285
968 858
169 571
591 600
833 588
910 760
877 891
847 929
80 25
760 587
764 19
772 22
891 980
955 286
648 950
132 239
905 41
851 997
470 285
695 812
312 939
226 881
958 38
526 810
329 616
91 601
576 551
920 601
977 600
652 708
47 122
928 100
584 966
344 107
860 947
38 467
153 651
189 93
134 838
411 207
32 792
948 286
52 715
827 711
781 431
387 102
62 420
874 726
66 571
677 73
36 839
623 781
502 430
250 319
947 207
90 862
71 447
787 630
6 762
136 516
525 22
49 293
602 955
790 154
790 395
141 55
451 486
931 976
326 922
111 592
681 697
701 678
62 992
822 666
435 814
720 828
177 515
101 1000
463 209
486 175
350 123
608 897
958 725
675 53
219 392
84 166
163 873
55 271
428 131
485 126
489 379
197 586
381 189
272 671
556 135
171 419
349 773
217 609
604 155
366 66
367 239
996 221
389 510
677 870
734 883
119 271
212 915
413 388
587 633
678 656
371 518
503 29
768 300
934 377
836 748
310 679
39 351
264 91
63 341
835 260
963 731
32 471
288 65
234 901
290 915
311 895
113 220
186 864
423 589
532 403
716 144
990 819
592 142
356 519
359 672
251 315
625 202
492 71
613 633
664 447
658 168
57 727
539 215
776 163
501 32
265 930
553 23
934 916
80 976
244 966
636 684
783 593
274 579
974 528
575 787
136 544
287 219
419 83
516 451
352 414
748 967
67 613
12 34
749 941
102 310
914 20
480 50
922 137
652 18
802 611
804 213
591 47
59 118
41 647
347 496
503 941
756 29
636 29
685 103
449 967
871 892
30 164
203 720
461 24
983 247
34 42
661 127
292 758
756 307
959 382
547 888
713 576
508 68
171 28
209 225
427 182
746 408
972 842
80 82
336 236
523 336
318 428
946 877
216 562
252 432
143 3
221 831
260 493
338 927
837 769
34 750
933 962
660 782
349 285
556 687
788 522
728 128
47 197
839 425
622 843
75 4
396 541
298 493
912 609
252 628
402 447
939 620
106 549
378 974
108 91
826 950
477 906
500 477
122 459
896 900
900 736
919 68
270 234
457 55
918 388
339 55
412 825
93 124
420 284
884 793
978 290
462 179
83 58
581 199
585 156
713 87
343 756
399 646
817 68
116 50
211 350
289 568
970 721
628 405
901 849
277 87
225 398
443 307
854 851
533 134
944 75
121 574
30 128
12 443
162 8
181 284
129 241
483 604
276 415
676 854
928 801
760 850
986 284
586 754
589 145
863 566
350 671
703 921
25 546
413 475
937 705
976 105
252 585
119 247
730 904
935 203
705 734
298 28
407 402
635 797
621 290
531 966
189 342
134 569
48 954
303 983
285 596
256 838
386 653
868 483
714 969
348 607
683 574
79 729
889 357
156 854
196 923
892 616
572 366
700 283
279 152
523 998
672 316
821 725
970 49
644 818
205 804
666 278
888 666
448 779
545 659
819 300
838 120
914 552
202 278
40 453
153 234
887 965
657 330
496 918
709 118
358 108
585 184
474 601
628 378
519 757
102 742
859 678
734 120
235 384
138 291
290 230
788 345
96 185
506 840
346 305
898 408
846 66
974 439
146 632
310 783
876 982
760 878
669 332
691 812
177 634
769 286
692 916
157 9
360 171
142 871
146 282
691 864
494 186
872 6
1000 91
582 901
915 18
826 443
259 598
390 902
851 996
105 522
967 798
414 682
554 449
354 315
484 682
587 267
914 57
40 982
846 728
503 855
47 253
617 165
218 589
860 908
365 490
349 948
874 836
729 127
503 636
431 131
17 75
770 523
218 764
459 762
353 339
433 196
311 179
322 686
343 888
17 228
109 630
810 427
424 226
227 759
303 810
749 678
128 256
996 981
888 694
318 114
454 349
165 646
884 802
794 214
465 692
85 333
940 525
50 838
706 797
140 859
694 470
586 231
335 776
284 782
466 169
34 293
914 833
664 916
811 551
962 196
733 790
310 201
868 547
975 713
873 115
195 155
289 962
124 901
955 373
616 21
155 825
449 516
414 202
971 699
347 229
683 271
926 161
566 216
788 194
320 646
122 542
320 599
103 881
358 769
356 127
522 876
78 640
742 667
957 342
567 863
203 81
385 908
596 728
237 494
114 767
888 790
228 576
939 43
834 196
360 579
89 395
308 675
950 790
739 65
351 783
692 841
126 517
311 397
331 467
313 828
523 977
946 236
641 890
222 295
143 896
610 65
204 790
773 537
387 466
743 287
836 643
692 623
642 324
58 527
476 274
149 692
520 824
88 282
586 57
804 496
399 828
898 109
663 431
576 127
136 944
361 327
662 109
644 552
538 55
150 177
541 364
144 378
625 887
811 754
297 691
206 200
391 78
799 93
885 473
718 167
439 834
225 466
798 287
211 675
767 958
296 308
183 345
64 975
836 101
305 491
54 174
147 504
755 79
794 529
815 937
851 608
120 470
998 465
600 800
290 496
85 573
231 444
789 651
387 780
185 807
907 752
857 445
506 725
416 181
920 174
80 226
963 809
360 374
143 435
290 581
638 105
441 727
605 969
786 165
865 868
848 886
939 321
293 451
892 359
415 928
881 242
136 385
799 846
601 211
93 439
614 891
338 574
585 583
677 191
734 416
292 330
166 444
98 478
465 833
255 20
151 441
212 4
359 58
676 328
323 27
888 750
995 562
724 92
413 707
645 405
742 328
762 378
896 594
970 847
185 525
353 839
118 577
509 92
590 735
336 766
906 678
779 444
880 123
780 851
563 613
323 776
966 546
789 235
780 802
432 176
604 62
660 376
992 344
662 437
354 720
150 665
854 685
157 179
905 614
736 59
256 75
586 750
758 337
149 449
530 574
401 498
991 27
775 396
64 77
673 78
268 870
124 168
901 257
454 904
627 688
757 737
10 732
411 967
138 565
655 104
911 914
570 528
493 831
352 829
498 599
888 910
104 482
855 625
207 159
667 295
781 275
748 842
145 49
74 361
550 419
364 210
203 109
97 841
377 962
960 457
726 736
16 433
752 107
571 545
768 191
47 635
921 466
278 81
83 507
581 408
495 622
995 558
945 325
982 824
344 636
323 710
509 143
791 371
443 225
82 99
178 361
85 960
231 838
824 848
586 851
948 926
745 306
138 288
728 512
128 246
607 776
349 520
833 951
248 968
542 969
267 709
194 587
305 418
402 636
276 592
603 346
146 633
493 334
475 975
262 931
926 74
285 66
199 508
181 17
458 694
470 481
603 120
803 618
534 910
675 288
226 557
100 214
191 249
263 668
700 184
967 904
825 151
898 989
405 843
952 5
182 612
661 618
406 523
173 788
798 717
730 143
844 443
222 483
811 322
999 537
484 570
88 963
550 237
479 88
131 177
744 654
247 965
178 204
360 759
715 63
917 855
187 614
325 301
583 459
763 299
486 662
88 225
14 265
236 489
323 858
905 628
894 7
246 342
785 222
385 72
643 200
477 98
463 51
121 200
308 336
123 918
700 30
573 264
956 240
426 903
153 197
858 898
182 328
794 70
876 462
263 30
640 164
859 645
771 987
426 584
727 509
745 302
988 982
970 633
129 143
132 762
274 470
262 109
634 970
711 918
638 946
660 304
589 374
547 862
418 278
556 16
959 469
284 755
232 36
195 440
124 498
399 34
972 800
76 365
269 620
741 109
190 253
985 667
893 290
820 715
569 468
290 719
726 130
855 874
68 616
470 460
873 409
977 920
852 732
134 631
750 247
660 731
368 401
702 122
635 181
653 558
198 469
454 207
769 805
496 53
26 618
83 631
909 277
808 440
679 495
230 597
912 406
979 702
296 123
59 658
597 979
874 712
305 755
16 362
840 782
291 928
420 4
39 882
443 877
525 167
726 552
405 281
745 718
943 793
893 606
808 300
434 827
509 341
794 43
614 408
117 144
430 823
384 411
96 504
455 800
774 616
866 649
116 472
120 27
852 340
547 318
675 501
733 87
671 897
262 963
694 290
367 446
171 739
408 47
29 705
694 221
290 47
738 657
6 179
582 518
994 779
976 865
812 511
350 349
360 454
445 595
102 618
553 778
509 620
46 186
241 214
95 759
423 188
228 468
302 823
503 114
507 119
808 856
739 928
796 297
579 203
158 458
566 455
191 3
298 201
906 392
247 254
714 753
363 485
270 51
551 486
784 836
332 344
158 259
725 479
708 643
855 620
808 517
865 724
680 605
320 175
171 807
265 738
106 656
589 101
725 49
327 695
185 423
710 303
643 354
848 548
758 59
5 625
192 24
247 546
570 876
948 583
79 925
663 236
331 591
312 919
282 57
664 489
714 4
453 48
398 723
849 875
991 560
633 940
338 240
15 543
736 419
443 87
248 253
546 700
728 775
714 486
509 234
326 992
166 889
667 932
779 302
233 248
325 296
127 668
186 174
685 56
275 146
110 449
572 750
157 400
57 292
840 421
687 601
90 804
567 474
660 232
574 594
974 456
464 113
530 684
883 457
906 251
502 584
67 189
532 17
219 278
57 119
39 3
351 381
321 314
996 808
358 895
664 312
743 956
651 530
817 750
135 166
553 512
860 644
40 621
170 464
852 532
890 451
601 780
817 895
511 857
710 798
834 154
843 72
174 730
446 607
213 176
917 818
390 850
544 154
766 931
804 708
348 712
498 694
174 948
835 794
841 345
401 496
103 292
448 781
987 848
658 912
850 424
970 50
118 640
908 72
213 756
953 849
954 506
700 234
349 500
866 734
79 31
687 476
391 243
89 107
585 190
921 885
385 62
810 777
44 277
301 130
802 937
894 3
896 430
749 772
914 859
723 409
488 806
841 870
318 558
753 983
675 235
733 929
889 739
567 318
882 300
275 358
491 261
867 91
914 700
437 390
167 29
295 40
902 208
462 619
691 863
661 855
674 147
603 123
161 460
217 207
773 333
920 783
388 237
315 839
488 369
367 539
26 885
713 969
643 766
350 810
59 854
246 331
191 478
138 726
468 817
182 995
610 998
739 214
186 826
260 197
943 448
463 854
329 510
471 815
296 241
114 552
190 749
486 516
623 665
23 471
502 306
454 433
149 557
226 176
64 27
254 258
736 525
143 991
689 953
602 835
172 129
801 811
931 836
371 403
460 960
266 557
374 538
547 436
840 394
435 642
934 728
852 305
429 416
323 677
839 725
474 571
188 585
68 247
107 667
243 107
849 399
432 234
438 432
416 578
613 494
301 904
251 549
90 877
718 107
423 437
445 733
266 496
976 789
959 468
526 713
48 312
746 419
30 504
566 222
159 540
77 899
613 81
397 949
86 947
713 651
915 195
38 822
114 392
811 114
155 758
265 410
525 815
111 469
721 257
61 736
63 342
455 533
32 490
624 596
517 61
423 590
946 569
642 717
882 871
277 809
683 858
810 947
812 894
377 277
765 954
678 83
346 536
57 619
297 180
687 995
412 643
911 747
236 447
458 65
390 794
20 374
711 357
573 232
308 963
476 381
925 90
79 768
321 584
790 202
684 969
351 700
634 440
597 820
555 238
70 220
55 168
96 649
173 221
980 275
12 221
145 580
93 902
679 428
651 510
923 629
73 162
323 641
859 627
219 976
129 456
296 583
525 362
413 944
840 132
219 833
951 176
852 82
495 244
902 348
188 732
651 220
45 197
155 723
89 926
777 518
970 915
196 198
931 269
310 858
628 193
261 270
11 347
216 791
489 741
822 161
272 781
370 32
116 524
821 503
578 436
167 37
742 603
526 596
673 160
190 982
251 924
482 759
754 13
76 225
403 435
593 739
652 986
670 279
379 48
380 367
398 122
789 619
424 721
134 592
467 597
804 892
105 941
377 720
127 404
398 148
146 149
610 942
574 498
4 11
188 376
139 804
819 134
640 531
36 676
23 430
79 429
503 550
767 341
531 363
888 9
592 395
459 644
23 31
464 798
896 903
951 675
53 868
818 630
679 752
157 954
212 187
306 128
14 625
128 672
550 359
165 715
83 78
448 849
343 512
993 831
392 964
956 421
894 149
987 533
70 331
272 286
440 976
771 884
810 786
577 549
250 711
380 634
179 705
917 435
3 559
889 996
473 214
943 665
34 363
508 278
387 715
902 312
172 29
484 287
430 669
862 864
242 857
3 717
613 294
635 722
891 901
244 663
911 427
694 41
20 8
149 364
466 544
91 181
552 929
987 380
591 576
9 362
686 684
411 522
647 229
985 673
18 488
881 336
699 547
539 822
499 163
25 720
523 369
183 371
177 829
959 569
899 670
458 626
699 656
919 707
616 18
445 856
727 347
526 931
123 98
466 255
751 876
493 940
99 461
107 998
264 229
653 629
981 88
564 48
770 691
804 237
597 168
585 656
658 92
9 741
832 279
448 96
691 476
140 366
736 755
904 819
46 128
598 445
800 356
452 703
14 674
397 234
383 449
956 127
973 951
601 123
526 313
18 877
469 744
913 481
28 786
101 737
139 268
267 339
274 793
116 482
776 555
569 800
315 444
23 999
337 292
907 144
853 948
4 611
400 734
810 921
599 983
245 548
873 267
185 777
992 503
703 587
758 738
615 303
950 48
319 195
876 936
656 604
884 581
806 546
717 125
847 371
677 42
133 924
445 922
797 421
488 483
551 250
608 404
7 516
177 857
416 255
489 991
18 351
807 989
706 144
669 28
156 241
963 739
344 337
754 164
597 362
1000 380
284 173
416 989
364 899
610 999
706 434
66 789
546 109
330 910
833 61
711 52
473 958
682 330
518 988
300 697
321 754
452 524
844 746
258 197
645 471
123 955
118 963
563 114
272 41
291 791
991 762
260 538
876 298
254 402
53 973
138 946
885 20
316 273
525 99
857 627
487 280
291 117
844 863
385 740
283 628
859 534
707 586
447 719
267 93
237 743
271 779
883 269
21 38
59 991
831 597
44 137
229 981
504 382
418 50
510 436
202 973
646 874
857 578
569 655
76 393
77 710
299 234
785 971
573 940
541 87
638 658
733 678
223 488
46 469
872 470
381 524
317 338
100 244
54 539
207 789
757 388
1000 457
857 320
674 918
899 615
847 805
317 454
538 517
580 387
313 615
356 501
504 546
636 859
505 207
1 830
588 982
695 978
844 296
113 306
55 116
114 589
334 938
744 748
654 25
506 227
605 565
383 187
807 517
520 221
39 927
334 981
460 688
282 176
778 797
253 667
566 980
993 332
151 406
962 866
317 906
803 75
896 811
999 683
899 432
611 890
405 295
706 602
857 734
254 398
201 2
954 448
121 347
196 259
162 687
434 648
849 559
944 325
14 807
571 166
673 650
600 406
943 750
715 839
242 675
336 676
655 703
124 707
430 646
863 824
532 599
243 247
900 35
474 417
55 668
538 758
454 146
73 997
332 150
275 659
760 681
621 6
1000 248
346 464
450 201
512 116
694 876
255 878
261 47
981 752
711 555
324 577
860 563
207 888
192 559
467 743
51 484
17 724
734 619
204 190
857 348
506 434
144 721
486 515
735 327
759 152
407 360
651 51
335 574
786 51
199 10
487 944
302 497
723 625
51 991
787 871
700 668
347 940
45 561
961 168
691 451
914 286
771 443
496 305
482 892
875 255
913 990
416 594
553 119
576 176
934 828
66 750
822 949
164 39
993 473
645 688
364 221
469 836
789 421
438 829
93 313
131 839
724 352
580 638
706 977
690 490
304 305
89 977
550 582
754 997
594 225
595 200
908 283
12 288
90 512
471 157
879 256
206 90
154 561
747 402
345 758
362 700
162 119
146 528
310 807
39 223
591 466
320 803
979 174
323 184
557 342
767 701
479 805
959 495
48 705
648 560
426 66
48 592
859 312
5 14
227 178
427 436
532 369
716 502
296 505
706 60
688 543
467 624
29 265
801 336
677 493
181 766
679 339
702 48
83 576
49 880
247 845
263 1000
164 391
91 737
517 389
848 996
857 90
800 505
552 847
135 663
343 237
294 324
684 876
956 905
6 666
170 530
766 560
123 542
413 761
182 577
734 18
183 824
796 913
232 962
193 588
552 149
770 244
2 106
352 491
685 487
723 204
761 1
300 907
67 912
528 430
978 348
555 944
511 509
261 96
412 777
176 776
828 256
67 718
563 725
140 770
487 725
73 353
609 165
756 34
779 477
599 564
233 107
289 841
724 567
693 416
841 757
309 439
202 825
430 824
29 824
412 93
128 23
366 171
885 661
924 523
194 91
835 83
233 790
342 400
329 983
825 954
772 599
129 339
114 19
265 19
11 499
233 679
792 220
5 209
668 439
697 432
564 320
750 111
753 313
954 624
43 819
757 3
355 997
657 563
604 752
535 950
203 169
102 80
589 647
156 97
288 169
808 560
790 736
477 699
305 178
260 199
541 255
688 650
174 645
303 99
108 505
189 88
156 775
992 667
865 450
98 18
320 24
504 997
452 525
142 449
553 62
438 552
979 372
412 607
956 28
26 201
838 88
72 903
642 495
678 497
611 942
25 279
619 75
854 164
343 715
554 71
889 833
714 603
815 369
879 602
342 904
555 880
975 439
228 616
335 788
138 368
379 652
544 416
571 10
898 342
93 834
21 37
668 928
798 295
637 261
569 541
362 869
480 760
7 167
194 938
352 779
954 976
276 196
208 274
621 930
713 431
881 573
834 749
800 96
730 66
85 549
398 852
534 574
744 130
446 78
892 10
622 231
54 403
807 115
332 81
65 842
268 683
759 459
796 375
138 633
74 635
535 986
539 543
479 416
763 125
608 200
130 552
725 425
601 251
503 431
490 538
460 824
197 588
973 651
575 683
243 914
100 521
515 820
218 732
592 417
169 496
672 265
213 999
606 134
883 831
663 197
187 756
689 586
746 525
505 409
588 854
435 450
130 108
349 24
852 113
452 775
555 539
883 605
131 874
595 465
197 213
652 15
943 632
569 863
167 530
576 273
318 906
335 1000
68 213
654 884
440 532
721 645
314 53
7 122
655 702
324 398
189 792
49 685
732 434
929 235
208 254
341 574
214 292
147 287
113 695
114 860
357 292
788 226
61 544
748 670
717 149
720 135
596 794
868 7
963 813
639 836
12 935
555 87
517 911
355 791
835 487
948 14
648 194
479 388
597 289
801 292
825 430
293 64
259 432
867 39
703 437
616 357
753 956
274 367
266 579
80 546
743 601
545 936
620 420
253 717
147 628
648 399
832 188
154 344
924 324
343 828
736 600
666 319
832 43
382 877
623 945
184 862
315 180
634 474
598 625
692 766
783 801
75 724
929 192
135 886
59 56
277 225
704 307
478 674
548 108
1 231
148 370
611 708
832 663
724 941
375 691
339 393
603 596
107 613
71 966
871 927
565 528
259 618
3 719
496 904
579 364
634 769
30 20
978 260
204 287
441 59
267 979
52 86
717 87
789 826
635 562
553 875
904 411
423 861
100 62
7 546
255 914
274 143
203 831
796 264
138 942
838 919
91 991
949 294
937 486
95 906
186 946
483 1000
913 381
289 443
109 218
259 287
596 540
173 701
672 228
251 254
207 482
563 378
9 960
179 69
951 995
933 84
348 596
442 657
353 330
528 626
675 997
88 9
354 192
41 245
539 146
79 853
465 929
118 997
619 832
32 976
508 933
58 592
476 295
993 395
810 579
95 479
45 822
796 914
528 272
838 630
598 669
123 895
888 381
519 752
753 915
808 567
139 236
417 386
35 47
954 219
58 404
654 812
771 177
2 687
738 741
427 838
615 297
600 766
12 596
824 690
496 86
423 402
850 890
372 458
133 527
600 877
858 401
324 341
162 152
590 72
259 814
361 3
962 761
584 417
858 256
190 734
933 722
393 722
774 2
171 91
890 240
302 771
121 936
198 688
846 912
795 654
668 432
686 382
506 265
927 689
678 761
401 355
238 832
366 373
354 835
298 253
532 278
730 476
543 886
235 731
515 573
95 127
833 130
764 382
469 342
22 974
872 615
981 235
765 772
1 833
257 767
548 72
425 801
687 953
322 683
397 187
201 778
572 271
862 154
631 748
500 274
452 669
624 70
733 316
849 807
762 220
143 336
946 39
333 46
567 949
74 250
10 128
224 195
834 629
67 911
603 833
430 799
552 1
282 286
504 418
675 477
382 391
93 976
336 555
272 503
185 954
741 725
565 551
788 378
861 348
241 627
112 837
727 741
375 1000
493 413
442 560
521 530
48 284
546 167
713 430
860 267
241 349
793 454
685 688
959 465
82 647
601 653
91 255
972 860
897 735
556 999
958 795
891 340
623 149
821 112
527 339
665 675
631 287
542 372
302 761
415 826
522 124
180 221
256 741
457 21
527 520
484 587
14 92
557 954
598 174
50 336
668 611
902 654
246 116
856 424
430 383
982 696
199 838
922 735
61 161
870 697
375 181
17 187
351 552
245 53
946 120
815 999
947 305
287 304
382 886
367 280
886 294
524 797
206 454
912 199
954 454
438 855
75 555
957 713
886 337
102 192
747 253
175 636
269 711
110 719
348 64
847 46
427 595
176 977
908 482
804 211
291 480
81 980
292 206
707 552
983 268
104 627
579 217
751 435
932 383
884 80
262 178
873 449
451 119
824 763
533 221
725 837
500 105
111 54
917 239
77 66
796 52
262 988
500 639
564 264
659 408
200 403
38 631
246 970
87 158
459 287
572 675
595 731
1000 9
748 671
420 642
772 703
275 129
835 345
507 248
938 82
425 189
189 332
137 241
636 155
85 139
604 697
373 736
247 875
434 260
696 74
352 901
903 906
652 650
729 9
547 193
810 330
79 707
814 402
355 363
50 455
16 315
611 345
182 712
662 710
274 767
630 202
245 152
687 113
303 888
560 959
491 232
662 689
511 229
97 145
903 569
596 189
463 70
746 622
231 234
359 49
822 907
110 905
278 57
740 892
395 895
92 259
457 138
991 589
560 629
372 51
944 660
304 307
380 518
495 823
903 364
561 413
810 906
604 277
117 726
755 812
580 979
980 292
543 170
803 57
129 90
332 583
480 306
546 269
290 79
163 807
348 331
621 984
841 680
647 414
46 995
567 327
73 903
719 568
337 778
621 762
198 853
494 160
81 269
172 604
284 422
178 737
215 734
796 265
556 109
265 471
873 906
639 891
806 374
816 550
910 432
161 759
329 629
311 701
811 349
961 104
7 397
568 54
217 136
398 887
863 1
395 704
62 288
959 562
35 692
398 998
744 431
316 272
763 258
835 881
183 645
370 908
277 576
795 15
192 120
613 333
857 890
628 563
663 12
574 441
667 201
899 154
974 594
97 46
25 313
102 313
692 723
987 709
235 344
453 161
59 214
870 818
710 971
162 725
839 749
456 490
129 388
37 563
818 982
393 543
103 310
234 163
952 587
26 383
261 528
998 33
357 167
923 860
680 779
211 606
712 25
955 367
295 198
354 798
63 890
814 550
673 914
711 830
931 454
415 323
302 913
85 527
399 213
256 333
61 300
938 377
223 497
3 968
958 892
461 316
603 127
489 563
364 585
327 343
510 859
879 789
764 42
206 746
403 492
778 288
228 383
543 992
303 271
930 487
346 750
661 629
294 70
811 296
393 407
43 1
386 760
776 80
207 592
298 284
374 35
377 381
986 929
515 589
147 721
960 268
498 711
685 407
912 431
588 600
565 908
886 57
635 910
643 190
459 577
10 865
942 366
581 470
800 387
340 452
254 262
330 254
213 706
182 466
993 7
940 522
351 725
687 271
211 62
486 68
658 515
127 882
699 341
83 777
701 703
225 238
409 999
373 478
124 980
417 572
813 54
599 613
619 363
12 283
215 380
133 569
681 347
766 121
452 225
414 523
404 12
152 221
149 304
225 682
7 822
123 829
267 909
825 875
203 523
590 165
224 622
483 491
746 675
530 752
970 862
226 603
423 151
134 334
659 920
655 792
693 213
52 195
638 318
186 521
481 911
940 402
449 425
693 70
894 985
53 295
346 851
789 595
550 660
905 78
972 75
263 780
530 293
839 301
217 38
887 823
222 305
459 33
541 163
528 782
13 970
568 127
454 868
437 602
354 72
134 650
250 9
944 274
431 60
676 908
498 747
982 697
273 199
221 265
922 732
575 570
390 798
579 703
16 367
646 556
818 634
313 520
879 821
515 980
404 637
336 859
23 213
600 204
582 44
253 173
129 290
370 694
520 909
11 770
620 774
417 623
509 193
864 304
27 572
780 214
619 454
140 885
215 403
641 312
550 936
629 865
331 994
794 470
427 739
152 170
380 705
660 499
512 741
37 860
171 742
615 227
231 538
21 424
149 125
299 186
391 874
488 241
34 37
200 261
955 407
295 142
211 903
216 795
859 51
309 30
456 918
246 85
502 71
747 870
787 319
642 710
864 602
646 6
302 824
694 171
159 653
403 439
574 150
613 962
212 557
423 292
802 371
821 149
511 723
890 424
639 727
216 343
329 600
293 509
955 960
868 359
762 750
100 969
302 389
506 32
704 635
402 516
882 647
296 318
44 964
260 153
209 823
818 671
969 537
911 858
131 232
60 318
569 344
934 856
648 433
230 709
519 859
403 849
376 345
69 218
253 557
770 248
858 818
649 698
390 548
846 695
771 235
318 842
101 602
46 437
893 750
215 454
163 123
382 77
771 408
663 318
889 895
177 395
713 41
605 75
76 671
993 809
267 102
978 588
737 300
813 143
390 96
401 825
404 452
833 862
528 643
869 136
968 215
199 707
185 211
242 932
993 612
206 891
724 764
824 854
399 240
301 276
629 697
84 100
65 534
38 995
242 134
416 316
460 160
725 668
800 845
817 737
126 907
290 611
305 884
772 291
442 970
204 221
591 787
248 789
195 546
234 964
673 275
86 328
977 253
400 473
697 661
57 566
331 179
574 205
977 645
282 981
74 403
866 151
389 672
672 452
181 954
218 658
2 327
168 99
44 718
799 590
946 174
625 501
500 175
248 320
636 723
327 319
213 526
328 504
40 460
26 99
559 447
305 24
782 602
586 123
699 328
352 93
62 972
396 256
662 47
611 661
794 415
888 494
138 347
374 989
380 666
97 376
462 432
780 877
859 812
508 310
236 869
78 64
284 967
788 471
238 266
58 244
924 663
928 722
306 668
12 549
200 349
647 706
920 118
105 320
274 878
795 95
349 298
555 354
149 509
668 515
462 620
507 69
324 629
740 189
48 157
124 202
670 339
144 653
142 904
324 811
346 751
661 628
576 640
479 73
62 227
190 948
621 400
71 115
790 743
98 207
873 647
288 283
201 918
623 567
56 295
754 386
421 465
691 399
279 68
264 483
729 241
857 804
1 752
808 224
298 357
679 167
429 872
781 19
692 914
453 98
571 579
593 674
210 857
232 801
654 466
326 771
308 778
607 406
244 136
886 331
121 323
451 494
680 216
462 242
905 937
945 244
714 315
55 97
827 8
975 432
462 29
45 75
29 582
176 902
710 839
881 839
861 297
997 825
410 619
861 346
699 163
663 580
977 325
280 19
44 20
742 199
854 525
160 761
181 349
239 75
863 998
833 695
462 729
391 551
124 8
350 606
61 537
464 461
228 62
451 961
180 441
42 422
632 570
765 738
547 563
806 300
682 214
295 271
744 931
341 91
911 931
694 593
276 949
75 387
661 648
521 765
829 758
170 405
563 406
437 810
144 632
217 86
145 209
666 917
114 758
982 335
458 251
244 552
579 529
31 650
639 481
530 87
279 909
753 870
108 114
403 967
571 650
123 618
472 290
291 934
364 272
802 218
758 64
80 871
227 536
147 598
552 193
667 176
870 921
947 416
896 734
366 712
628 667
455 905
649 750
482 553
140 999
841 118
328 159
790 41
224 80
775 831
27 575
49 91
197 867
439 810
499 71
29 554
410 476
56 760
385 234
258 664
850 30
836 221
162 508
241 541
647 39
940 51
155 877
945 835
289 999
755 84
862 792
441 28
834 605
686 554
971 590
813 602
90 253
241 383
593 226
612 346
123 545
590 602
989 665
252 89
241 200
648 536
77 930
119 235
178 763
34 887
551 190
436 182
683 159
385 880
207 757
298 179
122 799
434 435
971 152
682 93
740 427
192 705
632 4
506 33
491 319
39 601
904 62
619 193
31 729
251 479
833 575
861 538
297 155
960 373
524 590
482 137
801 539
961 920
339 993
475 31
3 878
856 164
748 402
508 879
19 605
698 651
218 977
386 229
117 205
12 107
144 447
878 529
20 577
883 570
962 951
300 818
482 717
68 278
760 158
499 434
266 881
847 189
6 887
71 286
129 703
827 417
3 675
254 874
772 857
720 538
46 630
492 654
828 956
977 30
319 59
690 957
436 965
424 773
542 1
393 14
821 470
843 514
938 274
498 797
711 523
358 881
604 633
8 482
761 894
183 99
797 254
602 812
549 589
472 815
806 372
207 713
632 737
282 560
874 950
247 216
19 275
238 901
627 658
956 812
971 21
221 686
325 912
496 208
558 126
5 718
670 816
838 342
269 73
380 485
903 654
67 673
615 640
11 542
619 837
784 798
767 453
804 337
753 703
954 206
848 661
687 132
853 748
212 228
123 899
201 77
398 689
899 396
371 445
64 467
248 176
525 122
84 798
71 752
983 914
75 757
334 418
64 322
895 327
811 674
974 882
847 224
478 669
908 420
290 143
93 890
818 441
125 73
71 935
519 403
578 845
91 369
723 268
48 52
584 198
729 995
405 355
124 677
955 353
50 512
727 221
530 891
659 613
807 357
422 717
480 574
65 576
646 60
310 246
405 610
99 270
164 882
91 946
243 751
332 271
557 706
193 119
243 781
319 608
630 278
922 599
759 182
948 487
911 669
57 706
692 857
575 512
706 375
912 304
274 709
369 705
580 781
691 473
52 424
947 214
473 675
662 895
314 729
781 99
527 579
14 562
608 717
679 772
168 382
331 666
580 547
266 983
213 658
231 335
519 576
794 65
728 709
215 393
533 996
7 509
634 755
620 962
953 147
195 6
154 437
745 279
674 269
538 312
452 227
414 804
400 590
906 968
711 911
72 470
823 797
202 857
920 36
629 606
742 855
335 679
691 771
440 457
280 306
670 3
525 772
858 227
215 930
254 668
609 627
259 924
186 676
177 621
869 417
63 126
873 806
458 548
20 291
995 279
924 777
356 347
543 561
341 233
307 825
950 605
735 473
169 824
924 184
412 68
108 315
180 216
734 515
646 469
84 444
435 10
660 593
522 606
796 17
454 245
853 465
411 162
88 85
182 739
95 370
979 423
943 192
170 982
652 342
448 220
856 201
399 919
37 262
645 583
266 632
415 409
897 650
165 674
150 222
154 149
175 633
615 63
677 691
70 496
607 683
701 562
74 984
638 247
513 356
92 207
703 569
906 797
449 990
410 588
820 663
73 654
522 333
875 513
949 778
744 452
617 90
335 699
391 757
551 859
129 910
629 675
280 270
501 772
670 127
234 701
401 526
509 613
593 114
285 891
393 275
378 416
472 933
588 307
695 585
312 14
275 130
248 908
464 313
431 271
468 808
275 243
333 537
925 373
730 223
414 746
398 239
186 781
88 787
791 936
571 178
305 566
256 994
854 594
188 485
501 154
710 294
503 572
539 138
443 785
373 80
246 198
451 762
291 837
734 59
205 823
596 184
27 847
102 385
514 375
629 432
226 485
597 722
266 540
547 485
470 647
364 630
70 78
537 296
323 867
430 965
969 181
508 256
277 94
462 90
817 121
637 344
512 745
654 852
399 431
578 870
426 523
98 892
462 453
216 987
628 188
612 537
684 259
725 870
11 84
512 311
604 165
716 559
276 248
405 988
307 546
842 833
579 398
153 698
102 521
983 496
111 309
872 584
817 662
807 642
40 709
649 429
907 613
203 128
277 905
226 867
212 690
730 179
844 399
847 792
860 185
726 822
526 199
69 632
645 219
994 495
653 704
430 331
583 899
549 831
420 869
347 911
815 92
619 951
850 899
176 592
147 591
182 602
221 480
79 966
425 747
937 993
411 392
605 282
643 101
629 404
757 79
558 144
580 712
83 112
853 604
233 419
213 765
470 848
185 704
417 533
699 443
24 753
98 574
139 224
270 890
399 530
225 36
936 934
421 802
667 566
927 232
180 611
465 3
671 215
729 994
290 110
516 960
99 962
371 873
400 54
487 775
855 103
456 627
831 354
844 561
391 573
816 931
52 379
804 349
247 306
901 368
480 942
971 500
254 752
475 741
739 912
777 179
82 961
103 981
370 793
19 80
310 721
498 913
118 494
810 92
227 34
999 640
28 51
161 656
787 196
614 985
423 560
943 457
559 545
772 39
540 11
668 112
925 607
262 784
459 264
611 102
244 581
628 995
166 508
412 596
456 732
952 705
803 524
908 148
748 475
126 323
218 918
790 144
645 755
563 790
527 755
201 249
19 968
611 546
641 721
589 699
901 783
996 643
13 290
370 734
864 117
376 847
68 13
680 225
236 843
510 446
702 708
719 814
615 329
360 323
315 557
926 31
506 996
252 192
237 916
522 136
869 95
414 834
53 2
533 264
937 759
185 122
260 364
501 720
356 245
123 194
640 450
733 721
203 874
369 70
740 83
542 489
565 8
220 790
473 32
346 862
899 732
147 931
138 610
782 267
271 258
28 21
806 12
421 98
299 586
199 941
682 409
899 619
614 852
761 384
192 901
195 794
221 262
296 99
64 207
317 787
355 448
212 63
505 51
142 422
202 117
369 748
334 590
814 340
546 974
675 526
568 702
291 825
999 682
113 194
541 661
175 395
474 964
92 315
419 93
26 89
524 1000
192 321
178 300
362 17
442 137
206 166
620 912
768 521
235 434
127 736
510 248
296 590
343 456
941 499
154 551
375 603
710 560
426 548
592 619
475 97
224 815
650 263
923 793
159 475
471 469
974 500
703 798
64 887
394 70
107 811
774 274
760 687
924 584
56 822
574 224
561 164
877 825
713 680
109 463
950 655
40 746
744 995
407 384
209 505
467 749
147 748
506 333
777 84
603 637
631 108
238 720
415 939
196 297
5 327
497 800
947 962
26 505
886 488
320 214
619 970
411 129
412 766
362 433
588 839
956 800
758 51
83 377
28 398
377 20
965 780
35 331
515 53
607 347
519 997
499 662
80 980
615 892
980 784
931 773
790 88
810 650
617 616
559 277
463 352
541 629
515 211
241 844
37 539
586 651
392 858
853 369
33 600
729 747
220 490
148 383
666 252
410 574
874 123
214 520
196 3
659 877
860 58
815 49
186 285
811 614
162 204
78 107
379 568
971 796
517 664
828 691
320 906
195 90
343 50
47 732
885 699
246 955
63 211
64 851
489 714
586 760
458 667
777 773
542 7
670 88
393 12
142 704
532 25
426 76
9 252
156 373
817 661
252 494
401 378
863 734
692 470
53 284
691 877
964 738
824 53
734 728
958 384
355 173
873 680
584 981
459 891
244 755
193 139
231 471
378 121
821 569
736 795
917 826
274 332
293 240
278 268
70 994
145 441
22 769
690 215
908 290
397 227
736 633
904 611
95 474
98 362
583 508
155 513
247 655
88 300
54 513
643 100
992 834
349 91
352 481
595 287
836 595
668 399
37 430
420 314
41 555
457 236
816 495
724 232
447 579
33 907
340 753
750 872
880 998
276 345
150 374
465 352
319 389
729 711
790 997
314 7
386 408
405 172
429 342
712 910
896 341
323 951
693 426
968 103
508 160
56 545
916 143
620 775
538 697
264 622
119 542
985 996
668 514
141 900
271 885
241 436
707 147
986 454
935 387
411 751
690 814
597 630
399 70
503 50
910 374
716 501
894 929
18 342
972 27
887 129
826 533
445 264
276 332
569 161
588 203
420 597
331 114
521 6
705 801
958 45
887 89
673 323
472 188
92 893
904 105
648 81
138 673
565 326
453 303
593 517
377 498
123 722
75 855
832 330
100 381
395 588
911 524
201 781
18 685
544 541
793 593
866 41
870 609
282 214
174 984
948 519
399 957
774 859
653 86
247 659
126 320
291 237
618 243
25 281
61 491
652 146
365 949
577 629
281 48
895 357
874 988
594 784
477 396
25 59
408 173
946 449
375 705
512 547
730 611
177 289
950 100
241 630
42 609
647 60
467 236
216 916
267 816
863 850
20 88
850 859
432 545
603 433
733 526
115 331
522 137
355 728
172 770
836 297
752 804
380 125
843 639
181 124
332 248
191 183
547 679
930 293
989 838
831 103
356 325
213 316
51 994
755 441
441 705
555 639
687 548
726 10
745 186
425 213
333 964
122 873
491 340
511 793
819 178
36 648
183 555
934 161
592 264
407 35
523 890
304 704
946 275
583 74
787 961
464 209
709 752
72 715
308 971
541 739
157 942
36 962
115 604
481 154
275 308
796 983
982 782
822 595
754 873
663 417
999 73
983 580
322 989
362 30
365 921
974 825
813 389
392 959
874 245
72 135
953 514
76 887
58 486
439 807
520 751
266 811
965 363
515 404
481 488
771 574
829 411
404 44
368 987
46 601
396 952
695 308
186 356
480 521
20 224
547 869
696 553
489 749
956 66
385 570
472 277
212 843
266 367
12 895
507 401
200 487
733 643
264 772
946 864
731 494
700 855
863 741
74 780
105 575
307 791
968 635
223 235
479 125
320 410
797 136
397 314
498 553
117 874
798 626
74 744
679 309
649 612
759 203
190 706
286 925
494 256
30 811
553 350
257 649
299 966
283 477
471 724
14 351
953 77
352 760
459 700
482 887
909 18
396 171
994 154
577 568
909 99
162 1000
839 998
236 697
240 700
957 375
64 458
300 906
553 948
491 781
684 564
331 676
64 377
449 510
346 901
508 584
879 555
59 795
837 483
803 175
35 57
879 664
774 476
478 823
876 670
453 635
360 788
150 437
535 170
675 246
489 431
487 908
128 147
534 303
484 150
929 359
108 810
334 345
147 286
494 75
977 19
281 548
284 669
157 137
56 868
897 370
789 836
466 683
693 152
180 461
734 812
401 488
988 548
898 860
593 92
425 482
688 296
514 973
512 198
471 591
954 615
294 204
631 301
541 69
190 13
30 730
783 56
496 136
294 95
846 600
248 793
445 193
159 61
749 115
750 180
403 693
42 159
46 283
304 938
381 896
100 632
47 83
330 997
135 652
482 168
134 993
709 551
726 655
37 250
26 333
282 243
46 136
397 226
727 558
407 841
709 345
236 986
751 819
352 482
741 840
667 893
649 730
763 724
303 633
417 698
865 36
867 658
780 11
709 123
31 131
414 281
681 730
621 88
542 533
543 228
293 418
50 955
470 528
229 367
810 897
225 423
941 425
48 826
515 492
664 818
936 567
119 616
764 611
151 386
253 482
292 674
299 134
262 14
708 106
600 883
837 650
204 313
186 284
688 246
856 888
211 835
216 727
570 134
38 944
884 755
168 910
812 335
798 910
176 425
391 528
901 399
406 807
171 238
906 279
599 230
893 389
752 743
971 327
792 338
630 356
192 622
113 44
683 216
170 445
192 669
728 511
526 822
263 948
843 926
274 399
38 124
838 663
236 61
643 391
311 525
539 342
298 424
340 227
216 49
490 688
880 488
899 190
661 963
848 598
174 878
840 838
508 972
633 785
377 211
287 346
642 375
85 135
187 350
980 145
321 532
676 138
292 179
993 26
150 49
671 881
339 248
554 701
101 414
16 196
681 566
840 145
569 949
345 423
736 66
974 252
243 114
28 396
758 599
524 187
194 562
746 103
106 454
604 73
233 559
833 873
63 820
154 624
263 310
512 322
822 35
35 504
404 504
578 991
246 680
725 796
271 950
954 174
670 768
586 686
661 208
829 846
560 461
212 816
926 172
483 273
255 882
660 24
474 247
609 624
298 953
405 643
543 685
394 404
413 408
53 177
972 937
134 466
265 385
674 831
217 952
875 962
345 464
808 984
157 785
138 608
490 867
731 675
270 93
131 505
313 510
920 530
578 50
464 638
728 475
838 608
910 109
63 95
400 406
261 319
351 227
918 772
687 773
100 929
283 67
981 24
895 998
983 414
192 903
875 378
268 356
715 469
364 253
862 132
130 325
387 78
501 52
943 205
106 580
531 455
770 917
644 878
918 261
80 859
800 420
675 560
52 201
809 314
850 470
904 578
503 1000
969 444
427 568
546 686
977 500
291 25
457 865
922 157
745 470
84 807
107 737
549 410
71 842
348 205
729 558
209 402
379 673
784 293
515 407
884 94
723 344
263 757
33 668
31 377
569 578
107 527
699 195
426 421
671 169
33 269
626 900
595 405
254 556
256 155
792 125
538 609
337 800
850 606
928 508
184 92
613 973
725 643
624 538
911 18
289 295
327 427
122 772
781 514
490 839
877 89
532 468
950 943
754 228
554 460
648 201
497 277
579 979
672 223
854 203
268 554
985 8
967 104
437 953
540 990
557 920
263 865
160 274
290 932
917 804
493 626
991 503
524 586
501 103
201 891
610 137
539 143
444 201
156 757
252 878
776 845
594 661
563 946
178 492
253 552
221 10
597 735
177 172
359 188
426 635
609 161
535 153
154 244
466 66
528 457
287 48
418 801
457 797
901 820
889 770
211 362
603 572
414 333
823 51
384 224
3 534
280 945
23 587
651 354
489 29
401 931
167 700
613 476
480 712
667 732
671 78
154 569
266 46
811 774
918 574
99 568
998 488
664 300
586 742
630 979
385 517
243 505
966 186
820 879
768 194
273 564
841 826
332 898
82 984
247 438
472 900
454 628
971 346
609 310
916 950
307 882
846 5
645 38
848 190
385 848
939 265
565 255
344 493
363 443
477 687
558 377
310 136
356 636
123 347
106 866
491 287
181 631
402 260
956 675
773 787
888 857
8 147
999 639
964 898
715 12
771 270
476 536
463 770
231 294
882 546
307 302
611 220
351 985
767 449
568 649
752 102
2 243
629 480
131 909
635 652
870 970
925 779
788 809
805 885
473 756
775 605
522 208
12 15
268 225
107 395
589 771
400 809
365 975
921 249
975 42
897 156
193 870
487 380
823 230
497 708
599 607
800 310
343 285
195 2
789 163
718 379
171 660
944 404
525 681
970 584
276 441
319 357
876 786
935 351
295 252
99 153
836 416
967 718
876 929
302 924
132 497
756 383
265 138
11 410
450 150
488 93
640 74
34 985
695 492
272 846
185 99
663 882
156 292
85 506
33 23
860 604
453 914
938 242
453 102
777 176
47 562
929 989
967 893
860 755
812 622
378 342
416 103
346 744
496 181
521 4
65 128
256 655
952 887
265 30
187 85
297 70
958 269
834 359
429 577
986 602
435 208
923 289
925 973
585 516
412 544
896 937
580 777
966 10
883 728
115 578
758 232
481 124
407 876
656 184
286 519
101 98
975 153
939 991
267 374
412 885
842 238
515 156
674 248
349 302
187 63
686 87
482 753
103 99
513 483
589 696
438 108
646 577
594 782
319 443
690 317
408 493
291 346
590 866
333 203
745 283
963 364
525 463
767 208
452 239
915 529
976 993
928 644
170 75
729 963
289 990
290 113
402 599
257 376
869 319
210 440
452 926
83 208
203 513
651 793
15 342
553 795
7 978
545 495
229 846
384 512
696 877
725 750
446 449
375 461
802 361
397 643
648 863
117 926
208 854
713 108
179 375
894 850
327 87
402 170
835 384
138 752
56 345
578 463
94 241
460 459
688 686
909 266
485 872
967 20
494 421
277 672
278 347
672 402
875 381
880 21
900 354
919 198
460 681
943 204
636 562
951 593
37 177
511 206
370 974
913 520
481 47
524 645
303 722
487 81
948 741
918 501
651 377
504 231
969 419
476 149
115 975
188 769
27 645
211 480
412 857
841 121
70 357
914 759
609 245
202 677
165 575
573 402
970 686
239 295
386 431
266 242
470 601
417 323
381 114
742 21
251 618
270 672
162 505
716 944
412 907
613 264
831 449
409 656
308 755
486 422
290 834
997 58
618 289
12 746
108 855
825 905
474 89
475 768
560 490
247 316
428 634
588 472
769 338
590 314
973 146
631 474
647 337
336 217
655 296
321 299
967 948
987 182
16 975
497 42
333 644
635 780
651 739
618 594
88 761
824 173
240 276
259 666
743 994
661 695
187 876
761 583
605 846
640 638
480 668
271 400
661 792
95 188
613 575
616 365
917 803
666 613
539 273
26 452
378 979
398 969
457 448
682 267
451 13
943 224
568 750
571 529
53 874
957 260
596 196
122 388
788 790
115 570
67 738
175 424
767 2
288 772
771 209
420 257
975 81
541 999
727 752
195 346
34 415
879 496
788 628
755 763
96 76
213 982
407 634
525 307
392 509
380 652
676 929
241 722
188 523
82 2
484 434
860 53
590 858
870 506
447 415
488 836
824 670
806 850
684 122
974 257
764 968
391 836
418 226
850 801
355 645
851 520
241 370
391 725
910 639
973 37
82 582
765 323
474 172
938 287
596 983
358 986
564 373
732 601
341 828
747 969
252 489
381 715
772 666
840 979
812 651
541 67
321 160
456 708
329 749
554 901
839 499
296 369
78 887
405 277
222 64
256 851
458 42
475 689
657 249
51 22
515 743
772 222
574 326
667 416
634 181
904 487
288 467
791 963
259 178
853 262
545 573
804 350
199 660
829 253
278 109
46 249
49 299
806 473
112 405
278 988
425 632
250 527
128 565
690 59
261 871
577 622
944 695
652 120
301 102
250 638
949 650
344 759
462 11
600 424
966 747
737 209
116 138
582 411
45 37
381 58
533 173
646 644
650 331
822 69
173 197
54 243
129 808
223 728
647 106
138 54
930 58
932 924
437 26
186 282
81 64
925 245
864 937
406 842
8 741
246 565
220 956
958 246
449 454
132 107
380 314
307 132
57 777
611 625
803 884
398 56
471 962
517 206
485 655
687 754
49 826
507 790
346 664
844 431
882 886
477 690
829 349
5 267
613 742
49 907
895 972
326 441
843 97
347 894
129 509
338 619
339 702
156 792
178 192
535 284
173 443
100 749
653 881
943 573
18 680
330 150
386 900
683 678
301 279
933 338
917 573
615 816
466 489
250 432
409 127
230 481
177 235
378 604
541 943
489 186
272 336
515 300
379 702
774 523
478 866
634 764
764 675
598 119
850 52
733 475
273 123
309 353
516 785
404 11
655 500
651 58
147 670
711 906
348 440
918 628
427 43
695 337
693 316
72 298
989 673
4 567
977 659
635 517
686 643
281 318
963 26
472 607
238 10
903 282
11 101
503 98
195 309
488 457
860 915
274 266
636 24
284 485
178 672
677 586
955 279
809 578
483 95
838 983
394 756
808 646
773 72
419 392
564 67
178 898
52 927
970 422
364 985
682 498
41 394
761 539
834 217
904 946
147 456
21 495
85 753
614 731
26 272
88 201
417 917
969 320
696 392
1 726
37 176
936 286
39 870
758 90
814 344
762 137
654 257
396 17
325 117
219 670
314 646
831 959
919 207
444 261
305 969
692 739
745 375
434 815
594 977
421 563
577 677
617 624
373 266
144 472
278 887
895 282
519 304
303 443
990 31
586 322
103 375
803 5
949 174
326 658
537 113
283 332
998 224
417 307
38 653
863 1000
172 195
120 372
932 581
223 528
59 568
397 883
823 736
570 205
406 81
800 602
447 169
954 735
63 409
891 264
708 834
865 917
555 49
191 293
748 550
199 222
402 124
664 343
743 797
968 717
679 161
636 770
895 567
811 927
152 777
504 584
821 545
383 240
27 797
365 566
740 518
170 179
235 86
550 259
446 792
357 600
72 968
128 554
374 601
654 575
417 668
662 26
721 574
497 1
171 192
829 581
405 773
903 10
885 211
931 325
310 130
725 865
708 113
603 333
622 475
733 962
19 116
389 51
372 669
691 847
105 510
897 480
682 886
246 601
219 921
48 586
57 236
722 518
373 586
489 889
645 36
186 955
99 502
744 993
34 631
199 83
271 326
722 678
665 783
209 763
377 361
312 764
991 68
269 602
535 661
248 762
853 35
657 248
217 257
553 447
93 494
38 305
240 380
832 354
772 493
191 797
909 418
288 468
786 303
435 359
49 775
495 671
576 871
406 420
615 702
908 798
689 905
875 98
692 564
162 523
288 690
219 710
484 405
610 397
46 105
853 615
127 838
534 130
888 71
24 583
831 836
875 896
179 697
244 81
124 575
140 820
331 931
760 47
449 1000
926 266
10 170
533 172
702 813
495 49
803 153
552 618
475 941
422 628
168 851
150 711
959 343
137 740
967 712
604 134
496 122
493 321
974 304
996 296
372 578
506 796
553 829
829 920
172 937
309 576
219 334
609 986
848 964
378 485
621 359
473 463
569 605
735 368
990 469
919 617
908 936
43 698
725 298
193 73
618 826
527 100
146 65
863 476
683 874
596 569
498 620
373 832
9 847
908 589
502 108
18 903
666 555
237 530
834 357
729 73
929 543
658 183
857 813
288 496
588 651
187 738
854 590
176 161
808 118
240 872
634 424
123 933
288 734
625 539
884 816
225 117
939 977
631 855
25 398
101 411
304 243
343 690
628 428
304 66
125 502
346 453
984 24
631 818
295 444
758 682
176 12
652 454
71 897
332 903
483 565
926 497
379 484
827 348
426 351
641 354
323 237
768 110
72 299
471 445
241 340
96 433
974 268
63 23
911 357
661 334
685 662
831 18
946 888
69 999
565 994
547 683
4 526
925 167
976 47
691 564
764 70
947 606
198 548
436 217
437 640
186 896
647 525
358 174
998 867
968 722
218 273
165 310
203 79
282 626
817 947
677 427
71 76
478 86
705 946
130 97
271 189
195 880
839 75
38 494
369 901
298 395
363 163
588 598
148 957
311 387
458 117
131 41
574 287
633 833
540 155
10 954
161 770
739 632
114 802
947 312
936 39
370 863
480 227
639 93
343 624
205 593
438 812
365 772
419 127
957 704
291 26
438 223
461 854
338 35
126 66
864 423
538 936
64 575
618 250
46 643
379 674
73 295
371 6
120 262
673 624
340 779
767 940
860 194
405 849
100 351
18 330
698 20
717 472
310 854
21 289
189 671
850 827
618 303
102 660
750 352
107 814
459 164
898 709
138 862
381 436
705 594
595 738
817 620
198 911
198 753
164 801
89 810
890 577
804 785
200 713
365 241
347 618
632 716
355 39
604 690
442 929
442 186
468 868
375 297
752 256
53 549
221 579
596 939
191 619
895 903
396 706
611 84
38 304
198 204
799 594
969 989
947 231
364 371
628 775
637 814
598 540
253 549
371 422
870 956
909 240
468 416
438 776
461 745
926 525
895 424
555 805
300 184
563 706
177 387
231 848
162 313
774 518
59 931
25 247
832 737
262 260
231 673
340 649
898 276
497 575
149 158
82 403
944 122
855 268
432 174
180 516
452 289
256 92
833 854
209 28
104 886
932 634
428 457
200 440
989 744
539 917
901 262
684 154
775 365
229 819
584 286
950 796
440 118
669 155
781 833
360 205
785 647
664 261
969 882
125 708
596 695
388 28
872 686
104 321
401 7
78 885
346 304
108 392
680 537
520 418
60 363
583 121
624 886
326 482
553 446
516 54
865 636
22 939
502 200
478 187
912 459
966 146
550 477
902 708
738 85
645 487
410 40
619 826
148 11
197 480
126 478
532 815
900 715
870 969
616 760
376 381
305 903
115 536
649 734
923 491
248 183
217 517
857 611
197 2
179 523
399 890
510 91
809 384
116 502
949 648
896 524
73 413
190 431
172 471
245 647
769 163
810 909
634 585
49 245
837 340
287 823
784 830
864 222
2 677
149 178
387 869
29 668
910 831
399 318
167 818
828 1000
124 397
930 56
734 54
42 680
902 50
906 49
806 606
219 464
169 555
170 244
337 877
637 186
964 414
218 24
181 916
932 892
668 394
579 225
180 267
592 116
812 617
501 536
751 660
369 502
454 881
856 295
782 83
78 494
807 644
296 254
829 460
481 294
852 787
174 771
321 861
622 198
148 922
517 383
810 753
188 427
355 426
72 90
127 182
37 154
482 827
634 267
822 985
434 950
128 757
809 194
98 267
795 403
465 532
50 390
753 557
771 154
168 357
374 535
590 325
328 363
475 460
144 443
82 166
818 370
162 270
913 590
789 339
305 18
325 212
764 701
512 568
951 163
898 301
902 365
386 152
82 456
817 187
141 705
733 871
224 793
387 833
444 790
121 647
711 900
214 420
270 634
733 920
148 18
28 709
341 559
660 181
698 480
814 336
259 884
27 467
718 387
779 758
630 523
995 399
544 565
643 662
360 246
983 438
182 310
859 204
532 222
271 106
965 15
116 723
946 712
644 391
147 937
939 197
320 435
906 390
982 101
809 721
714 606
772 114
187 946
227 469
134 643
675 841
912 629
161 551
701 165
518 549
565 229
282 789
819 38
412 656
58 828
900 365
259 127
131 542
528 692
726 715
70 47
930 964
847 365
773 522
153 913
46 196
156 540
415 497
418 567
71 403
58 542
67 964
379 982
231 73
69 126
25 504
516 686
927 507
639 45
966 279
71 689
76 797
311 70
404 868
171 563
407 595
980 407
304 144
988 106
715 994
720 776
942 538
305 314
641 416
401 955
862 998
367 460
668 927
650 702
723 348
599 753
231 525
219 205
348 495
96 368
557 157
480 671
521 564
578 575
778 173
907 259
102 661
177 349
959 511
686 669
157 81
363 804
513 825
901 969
440 91
498 241
324 949
920 852
62 65
523 465
564 259
825 217
306 852
648 894
170 494
317 397
691 640
522 347
489 812
697 279
139 962
624 764
553 304
971 97
610 931
937 145
131 358
304 718
338 670
800 195
342 514
736 885
240 68
369 928
903 781
246 174
238 762
786 457
861 899
329 306
37 193
739 507
155 154
676 488
787 593
974 717
294 579
227 572
168 174
672 488
23 240
939 907
444 299
570 104
211 16
874 304
766 738
468 417
568 975
128 556
935 883
754 902
120 982
653 234
358 112
241 838
895 348
918 246
666 87
822 338
594 213
386 398
49 200
196 9
390 143
702 823
404 94
337 213
45 284
690 595
713 306
272 696
517 642
21 467
594 503
211 573
220 693
186 261
30 402
198 816
73 909
719 514
208 100
264 854
911 348
57 884
591 708
423 807
829 596
902 768
173 912
797 246
873 624
255 532
327 395
735 286
186 953
812 533
815 406
429 695
88 839
574 107
406 745
958 394
482 67
118 214
765 885
291 520
500 402
709 546
527 849
567 644
588 865
793 639
23 54
45 666
861 792
383 500
610 414
676 147
988 413
663 119
6 670
135 830
133 19
880 909
454 330
465 713
893 649
876 473
1 175
401 790
646 601
349 375
15 954
715 938
440 616
774 445
775 451
357 173
535 151
163 892
201 433
958 697
730 568
803 428
457 744
430 830
868 654
628 302
638 784
677 992
548 504
55 728
673 793
87 673
413 30
270 441
473 307
823 727
256 327
755 133
830 337
189 567
530 533
34 836
551 233
682 872
851 775
449 475
893 384
91 963
768 337
199 275
185 321
494 309
468 720
485 670
967 782
255 520
739 887
209 596
308 446
527 102
550 917
130 600
919 472
703 353
338 727
507 920
182 876
626 366
773 883
78 961
463 893
744 765
50 306
967 445
678 176
122 416
416 551
623 796
538 414
466 341
399 513
329 91
148 761
5 972
742 390
504 710
974 948
79 80
210 993
853 633
819 649
605 232
401 133
71 716
790 26
59 12
921 217
920 156
887 814
728 717
361 484
489 191
72 145
572 838
497 740
45 66
747 296
486 348
55 489
703 525
171 756
85 870
275 690
149 213
667 664
979 666
730 540
340 864
380 839
766 118
871 553
488 46
640 187
440 465
21 380
333 442
445 576
963 31
621 551
986 420
247 826
425 428
935 767
602 244
251 910
986 87
437 285
995 287
413 260
388 70
887 376
673 496
697 506
346 712
846 661
170 410
247 152
614 833
123 406
680 579
271 440
351 238
78 946
653 688
801 389
98 91
924 453
653 769
925 572
838 263
956 982
190 522
74 35
591 286
183 802
335 440
213 604
197 423
438 947
870 918
837 215
826 941
805 777
520 951
49 659
305 95
839 542
823 181
555 827
183 26
538 7
921 181
650 605
888 448
743 66
339 264
241 810
58 480
331 924
962 842
853 895
343 449
971 920
680 475
573 624
647 137
137 576
651 983
250 919
159 307
181 279
800 523
572 584
370 368
557 156
523 20
323 58
17 891
345 534
823 889
793 318
461 152
944 190
413 85
56 846
437 95
495 329
501 780
851 737
341 947
566 180
56 829
440 92
518 43
1000 116
56 172
385 543
25 560
423 915
389 783
696 791
764 475
941 514
588 9
915 459
945 489
356 581
982 497
46 862
895 560
808 500
44 958
5 320
389 545
429 628
964 939
753 936
670 165
900 435
649 885
615 518
199 799
330 90
978 606
190 550
32 960
623 852
420 47
956 239
460 856
817 477
644 734
631 606
724 108
979 182
486 939
641 624
384 455
862 278
439 99
121 441
244 201
571 493
195 753
214 63
548 144
163 242
907 243
694 281
876 660
453 613
665 5
557 111
315 652
692 702
450 493
215 649
665 438
146 480
65 706
604 189
676 530
695 278
592 733
613 185
464 96
938 116
115 265
261 229
47 692
671 430
964 420
143 193
91 816
552 830
276 998
575 194
355 871
707 474
467 801
393 134
360 207
237 119
990 591
510 949
646 363
170 48
99 362
373 599
906 460
13 550
144 667
971 289
109 61
208 830
113 58
15 217
695 843
869 596
764 366
678 58
55 127
703 477
136 429
196 869
911 640
735 76
94 92
539 241
887 257
709 545
891 706
18 832
44 236
328 89
184 663
205 979
387 282
351 597
62 664
46 253
534 623
322 893
382 181
404 575
898 370
706 919
448 907
486 87
110 803
183 45
650 898
124 971
90 727
966 348
2 897
422 830
956 450
524 62
176 916
414 402
992 22
24 360
673 589
67 330
28 988
2 675
409 675
804 534
859 855
517 741
959 336
561 225
587 865
215 32
73 991
60 999
333 405
579 453
686 619
691 831
474 29
351 305
467 844
195 349
280 509
190 64
787 494
556 721
295 274
118 486
673 491
472 788
739 886
976 356
299 713
374 143
258 538
600 674
98 103
808 460
611 1
740 763
429 956
602 708
285 696
236 74
53 652
611 110
667 384
960 438
745 928
633 653
468 149
914 347
387 489
679 237
487 40
155 203
311 350
719 333
975 247
499 678
459 743
233 502
577 24
197 83
827 804
520 924
650 983
23 827
410 300
797 381
305 50
127 871
790 27
205 729
940 652
278 879
228 654
779 278
743 89
690 423
302 179
241 781
775 866
633 343
444 562
305 284
641 346
551 763
236 812
2 788
24 324
530 946
965 257
143 897
181 306
272 626
42 616
133 703
150 631
577 793
116 904
779 210
907 281
160 610
569 266
18 759
592 677
884 405
445 607
962 303
186 685
815 762
247 452
195 313
911 151
548 755
811 99
650 175
982 8
593 54
126 486
990 519
772 350
609 852
648 836
591 812
759 478
924 177
670 437
748 589
289 398
844 120
682 111
131 511
470 218
184 701
268 572
89 105
363 390
969 458
518 648
460 448
374 671
946 443
766 776
217 205
398 826
628 809
916 947
442 746
210 638
106 575
538 369
454 125
916 802
956 983
939 643
840 872
434 969
22 192
909 57
500 378
466 310
876 274
287 292
326 202
74 179
827 979
899 446
466 436
779 596
939 95
184 66
59 186
33 738
537 724
600 304
528 483
413 639
31 176
412 854
616 778
93 919
10 509
380 613
16 806
20 694
392 821
823 90
223 894
777 678
506 814
857 477
453 529
637 429
985 948
877 994
328 837
493 373
239 113
523 100
716 659
110 134
336 79
803 581
845 450
494 144
599 55
113 908
555 53
765 668
398 69
707 319
934 395
555 66
895 329
854 82
530 380
165 215
117 750
778 638
672 213
514 776
863 17
623 371
175 115
527 206
910 194
316 171
118 123
755 264
880 54
754 595
520 231
922 775
757 339
162 880
881 11
814 376
682 76
163 262
257 989
832 87
45 854
442 31
339 201
603 788
585 801
953 837
861 212
67 552
280 665
577 645
941 156
2 817
728 791
802 546
242 535
614 263
337 297
444 523
106 102
324 49
328 52
845 977
903 213
250 816
462 419
374 895
148 246
594 144
104 746
980 651
996 524
93 526
993 512
417 76
842 743
622 775
599 737
205 37
977 20
962 480
411 618
202 239
733 591
384 802
388 412
223 385
280 371
561 934
690 770
530 559
96 747
47 548
565 39
233 582
843 653
114 451
63 270
341 168
624 572
660 828
75 500
972 126
424 700
193 97
32 33
30 620
968 749
697 305
535 529
649 182
864 823
765 898
269 157
829 421
978 801
519 63
728 264
946 323
766 832
911 643
679 423
369 578
778 247
245 223
937 222
320 10
840 849
914 372
754 631
386 957
463 185
925 538
417 849
269 976
438 969
828 65
701 973
799 448
577 37
202 884
291 249
737 921
979 68
482 628
527 742
571 286
61 185
975 48
499 491
567 660
763 858
344 764
864 499
438 154
885 291
194 694
581 58
853 837
267 46
888 550
747 852
36 353
383 522
804 816
423 492
558 490
941 418
157 467
999 364
253 10
749 748
590 955
149 191
543 3
379 476
404 234
718 31
149 288
608 325
664 215
650 86
770 844
