111111101111111111111111111111111111111111111111111111111111111101111111111111111111111
111111111101111111111111111111111111111111111111111111111011111111111111111111111111111
111111111111111111111111111111111111111111111111111111110111111111111111101111111111111
111111111111111111111111111111111111111111111111111111111111111111111111111110011111111
111111111111011111111111111110111111111101111111111110110111011111111111101111111111111
111110111111111111111111111111111111011111111111111111111111111111110011111111111111111
111111111111111111111111111111111111111111110111111111111111111111111111110110011111111
111111111111011111111111111111111111111101111111111110111111111111111111111111111111111
100000000000000000000000000000000000000000000000000000000000000000000000000100000000000
101111111101100111011111011101111101111111111110111111111011111111101111111111111111011
101111111111111111111111111101111111111111111111111111111111111111111111111111111111111
100000001001100011001000011001010000001111001100110101111011101001100010011111110110001
101111111111100111011111111101111101111111111111111111111111111111111111111111111111111
110111111111111111111111111111111110111111111111111111111111111111111111111111111111111
111111111101111111111111111111111111111111111110111111111011111111111111111111111111111
111110111111111111111111111111111111011111001111111111111111111111110011111111111111111
111110111111111111111111111111111111011111011111111111111111111111110011111111111111111
111111011111111111111111111111111111111111111111111111111111111111111111111111111110111
111111111111111111111111111011111111101111111111111111111111111011111111111111111111111
111011011111111111111010111111110111111111111101111101111111101111111110111111110110101
111111111111111111111111111111111111011111111111111111111111111111111011111111111111111
111111111111111111111111110111111111111111111111111111101110111111111111111111111111111
111111111111011111111111111110111111111101111111111110110101011111111111101111111111111
111111111111111101111111111111111111111111111111111111111111111110111111111111101111111
101000011001100011001000011101010001011111001100110101111011101111100010011111110110001
111111111111111101111111111111111111111111111111111111111111111110111111111111111111111
111111111111111111111111111111111111111111110111111111111111111111111111110111111111111
111111111111111111111110111111111111111111111111111111111111111111111111111111111111101
111111111111011111111111111110111111111101111111111110110101011111111111101111111101111
111111111111111111111111111111111111011111111111111111111111111111110011111111111111111
111111111110111111111111101111111111111110111111111111111111111111111111111111111111111
101111111111101111011111111101111101111111111111111111111111111111111111111111111111111
111111111111111111111111111111111111111011111111111111111111110111111111111111111111111
111111110111111111111111111111111111111111111111101111111111111111111111111111111011111
111111111111111111111111111111111111111111111111111111111111111111111101111101111111111
101111111111111111011111111101111101111111111111111111111111111111111111111111111111111
111011011111111111111010111111110111111111111101111101111111101111111110011111110110101
100000001001100011001000011001010000001111001100110101111011101001100000011101110110001
111111111111111111111111110111111111111111111111111111101110111111011111111111111111111
111111011111111111111111111111111111111111111101111101111111111111111110111111111110111
111111110110111100111111101111101111110110111111101011011111111110111111111111101011110
101111111001100011001111011101011101111111111110111111111011111111101111111111111111011
111111111111111110111111111111111111111111111111111011111111111111111111111111111111111
111111111011111111101111111111111111111111111111111111111111111111111111111111111111111
111111111111111110111111111111111111111111111111111011111111111111111111111111111111110
111111011111111111111110111111110111111111111101111101111111111111111110111111111110101
110111111111111111111111111011111110101111111111111111111111111011111111111111111111111
111111111111111111111111111111111111111101111111111110111111111111111111111111111111111
100000000000100000000000000001000000000010001000000001001010100000000000011101100010000
111111110110111100110111100111101111110010111111101011001110110110011111111111101011110
111111111110111110111111101111111111111110111111111011111111111111111111111111111111110
100000001001100011001000011001010000001111001000110101111011101001100000011101110110001
101111111001100111001111011101011101111111111110111111111011111111101111111111111111011
111111111110111100111111101111111111111110111111111011111111111110111111111111101111110
111111011111111111111110111111110111111111111101111101111111101111111110111111111110101
111111111110111111111111111111111111111110111111111111111111111111111111111111111111111
111111011111111111111010111111110111111111111101111101111111101111111110111111111110101
111111111110111100111111101111111111111110111111111011011111111110111111111111101111110
100000000000000000000000000000000000000000001000000000000000000000000000001101100000000
100000000000100000000000000001000000000010001000100001001010100000000000011101100010000
101111111001100111001111011101111101111111111110111111111011111111101111111111111111011
101010011001100011001010011101010101011111001100111101111011101111100010011111110110001
111111111111111111111110111111110111111111111111111111111111111111111111111111111111101
111111111111011111111111111110111111111101111111111110110111111111111111101111111111111
111111011111111111111111111111111111111111111101111101111111111111111111111111111110111
111111111111111111111111111011111111101111111111111111111111111111111111111111111111111
111101111111111111111101111111111011111111111111110111111111111111111111111111111111111
101111111111111111111111111101111101111111111111111111111111111111111111111111111111111
101111111111100111011111011101111101111111111111111111111111111111111111111111111111111
111111011111111111111010111111110111111111111101111101111111101111111110111111110110101
111111111111111111111111110111111111111111111111111111101111111111111111111111111111111
111111110111111111111111111111101111111111111111101111111111111111111111111111111011111
111111110111111111111111111111111111111111111111101111111111111111111111111111111111111
101110111001100011001111011101011101011111001110111111111011111111100011111111111111011
111111111111111111111111110111111111111011111111111111101110110111011111111111111111111
111101111111111111111101111111111111111111111111110111111111111111111111111111111111111
111111110110111100110111101111101111110110111111101011011111111110111111111111101011110
100000011001100011001000011001010000001111001100110101111011101011100010011111110110001
111101111111111111111101111111111111111111111111111111111111111111111111111111111111111
111111110111111111111111111111101111110111111111101111111111111111111111111111111011111
111111111111011111111111111111111111111101111111111110110111111111111111101111111111111
101111111101100111011111011101111101111111111110111111111011111111111111111111111111011
101111111101100111011111011101111101111111111110111111111011111111111111111111111111111
111111011111111111111111111111111111111111111111111101111111111111111111111111111110111
