1000000000000000000000000000000000000000000000000000000000000000000000000000001000000000000000000000000000000000000000000000000000000000000000000000000000000000000000000000000000000000000000000000000
1000000000000000000000100000000000000000000000000000000000000000000000000000001000000000000000000000000000000000000000000000000000000000000000000000000000000000000000000000000000000000000000000000000
0000000000000000000100000000000000000000000000000000000000000000000000000000000000000000000000000000000000000000000000000000000000000010000000000000000000000000000000000000000000000000000000000000000
1000000000000000000100100000000000000000000000000000000000000000000000000000001000000000000000000000000000000000000000000000000000000010000000000000000000000000000000000000000000000000000000000000000
0000000000000000000000001000000000000000000000000000000000100000000000000000000000000000000000000000000000000000000000000000000000000000000000000000000000000000000000000000000000000000000000000000000
1000000000000000000100101000000000000000000000000000000000100000000000000000001000000000000000000000000000000000000000000000000000000010000000000000000000000000000000000000000000000000000000000000000
0000001000000000000000000000000000000000000000000000000000000000000000000000000000000000000000000000000000000000000000000000000000000000000000000000000000000000000000000000010000000000000000000000000
0000000000000000000000000000000000000000000000000000000000000100000000000000000000000000000000000000000000000000000000000000000000000000000000000000000000000000000000000000000000000000001000000000000
0000000000000000000000000000000000000000000000000000000000000100000000000000000000000000000000000000001000000000000000000000000000000000000000000000000000000000000000000000000000000000001000000000000
0000000000000000000000000000000000000000000000100000000000000100000000000000000000000000000000000000001000000000000000000000000000000000000000000000000000000000000000000000000000000000001000000000000
0000001000000000000000000000000000000000000000100000000000000100000000000000000000000000000000000000001000000000000000000000000000000000000000000000000000000000000000000000010000000000001000000000000
0000000000000000010000000000000000000100000000000000000000000000000000000000000000000000000000000000000000000000000000000000000000000000000000000000000000000000000000000000000000000000000000000000000
0000000000000000010000000000000000000100000000000000000000000000000000000000000000000000000000000001000000000000000000000000000000000000000000000000000000000000000000000000000000000000000000000000000
0000000000000000010000000000000000000100000000000000000000000000000000000000000000000000000000000001000000000000000000000000000000000000000000000000000000000000000100000000000000000000000000000000000
0000001000000000010000000000000000000100000000100000000000000100000000000000000000000000000000000001001000000000000000000000000000000000000000000000000000000000000100000000010000000000001000000000000
1000001000000000010100101000000000000100000000100000000000100100000000000000001000000000000000000001001000000000000000000000000000000010000000000000000000000000000100000000010000000000001000000000000
1000001000000000010100101000000000000100000000100000000000100100000000100000001000000000000000000001001000000000000000000000000000000010000000000000000000000000000100000000010000000000001000000000000
1000001000000000010100101000000000000100000000100000000000100100000000100000001000000000000000000001001000000000000000001000000000000010000000000000000000000000000100000000010000000000001000000000000
1000001000000000010100101000000000000100000000100000000001100100000000100000001000000000000000000001001000000000000000001000000000000010000000000000000000000000000100000000010000000000001000000000000
0000000000000100000000000000000000000000000000000000000000000000000000000000000000000000000000000000000000000000001000000000000000000000000000000000000000000000000000000000000000000000000000000000000
1000001000000100010100101000000000000100000000100000000001100100000000100000001000000000000000000001001000000000001000001000000000000010000000000000000000000000000100000000010000000000001000000000000
0001000000000000000000000000000000000000000000000000000000000000000000000000000000000000000000000000000000000000010000000000000000000000000000000000000000000000000000000000000000000000000000000000000
0001000000000001000000000000000000000000000000000000000000000000000000000000000000000000000000000000000000000000010000000000000000000000000000000000000000000000000000000000000000000000000000000000000
0001000000000001000000000000000000000000000000000000000000000000000000000000000000000000000000000000000000000000010000000000000000000000000000000000000000000000000000000000000000000000000100000000000
0000000000000000000000000000000100000000000000000000000000000000000000000000000000000000000000000000000000000000000000000000000000000000000000000001000000000000000000000000000000000000000000000000000
0001000000000001000000000000000100000000000000000000000000000000000000000000000000000000000000000000000000000000010000000000000000000000000000000001000000000000000000000000000000000000000100000000000
0001000000000001000000000000000100000000000000000000000000000000000000000000000000000000000000000000000000000000010000000000000001000000000000000001000000000000000000000000000000000000000100000000000
0001000000000001000000000000000100000000000000000000000000000000000000000000000000000000000000000000000000000000010000000000000001000000000000000001000000000100000000000000000000000000000100000000000
0001000000000001000000000000000100000000000000000000100000000000000000000000000000000000000000000000000000000000010000000000000001000000000000000001000000000100000000000000000000000000000100000000000
0000000000000000000000000000000000000000000100000000000000000000000000000000000000000000000000000000000000000000000010000000000000000000000000000000000000000000000000000000000000000000000000000000000
0000000000000000000000000000000000000000000100000000000000000000000000000000000000000000000000000000000000000000000010000000000000000000000000000000000000000000000000000000000000000001000000000000000
0000000000000000000000000000000000000000000100000000000000000000000000000000000000000000000000000000000000000000000010000000000000000000000001000000000000000000000000000000000000000001000000000000000
0000000000010000000000000000000000000000000100000000000000000000000000000000000000000000000000000000000000000000000010000000000000000000000001000000000000000000000000000000000000000001000000000000000
0001000000010001000000000000000100000000000100000000100000000000000000000000000000000000000000000000000000000000010010000000000001000000000001000001000000000100000000000000000000000001000100000000000
0001000000010001000000000000000100000000000100000000100000000000000000000000000000000000000000000000000000000000010010000000000001000000000001000001000000000100000000000000000000000001000101000000000
1001001000010101010100101000000100000100000100100000100001100100000000100000001000000000000000000001001000000000011010001000000001000010000001000001000000000100000100000000010000000001001101000000000
0000000000000000000000000000000000000000000000000000000000000000000000000000000000000000000000000000000000100000000000000000000000000000000000000000000000000000000000000000000000000000000000010000000
0000000000000000000000000000000000000000000000000000000000000000000000000000000000000000001000000000000000100000000000000000000000000000000000000000000000000000000000000000000000000000000000010000000
0000000000000000000000000000000000000000000000000000000000000000001000000000000000000000001000000000000000100000000000000000000000000000000000000000000000000000000000000000000000000000000000010000000
0100000000000000000000000000000000000000000000000000000000000000001000000000000000000000001000000000000000100000000000000000000000000000000000000000000000000000000000000000000000000000000000010000000
0100000000000000000000000000000000000000000000000000000000000000001000000000000001000000001000000000000000100000000000000000000000000000000000000000000000000000000000000000000000000000000000010000000
0100000000000000000000000000000000000000000000000000000000000001001000000000000001000000001000000000000000100000000000000000000000000000000000000000000000000000000000000000000000000000000000010000000
0100000000000000000000000000000000000000000000000000000000000001001000000000000001000000001000000000000000100000000000000000000000000000000000000000000000000000000000000000000000000000000000010010000
0000000000100000000000000000000000000000000000000000000000000000000000000000000000000010000000000000000000000000000000000000000000000000000000000000000000000000000000000000000000000000000000000000000
0000000000100000000000000000000000000000000000000000000000000000000000000000000000000010000000000000100000000000000000000000000000000000000000000000000000000000000000000000000000000000000000000000000
0000000000000000000000000000000000000000000000000000000000000000000010000000000000000000000000000000010000000000000000000000000000000000000000000000000000000000000000000000000000000000000000000000000
0000000000000000000000000000000000000000000000000000000000000000000010000000000000000000000000000000010000000000000000000000000000000000000000000000000000000000000000000000000000000000000000100000000
0000000000000000000000000000000000000000000000000000000000001000000010000000000000000000000000000000010000000000000000000000000000000000000000000000000000000000000000000000000000000000000000100000000
0000000000000000000000000000000000000000000000000000000000001000000010000000000000001000000000000000010000000000000000000000000000000000000000000000000000000000000000000000000000000000000000100000000
0000000000000000000000000000000000000001000000000000000000001000000010000000000000001000000000000000010000000000000000000000000000000000000000000000000000000000000000000000000000000000000000100000000
0000000000000000000000000000000000000001000000000000000000001000000010000000000000001000000000000000010000010000000000000000000000000000000000000000000000000000000000000000000000000000000000100000000
0000000000000000000000000000000000000001000000000000000000001000000010000000000000001000000000000000010000010000000000000000000000000000000000000000010000000000000000000000000000000000000000100000000
0000000000000000000000000000000000000000000000000000000000000000000000000000000000000000100000000000000000000000000000000000000000000000000000000000000000000000000001000000000000000000000000000000000
0000000000000000000000000000000000000001000000000000000000001000000010000000000000001000100000000000010000010000000000000000000000000000000000000000010000000000000001000000000000000000000000100000000
0000000000000000000000000000000000000000000000000000000000000000000000001000000000000000000000000000000000000000000000000000000000000000100000000000000000000000000000000000000000000000000000000000000
0000000000000000000000000000000000000001000000000000000000001000000010001000000000001000100000000000010000010000000000000000000000000000100000000000010000000000000001000000000000000000000000100000000
0000000000100000000000000000000000000001000000000000000000001000000010001000000000001010100000000000110000010000000000000000000000000000100000000000010000000000000001000000000000000000000000100000000
0100000000100000000000000000000000000001000000000000000000001001001010001000000001001010101000000000110000110000000000000000000000000000100000000000010000000000000001000000000000000000000000110010000
0100000000100000000000000000000000000001000000000000000000001001001010001000000001001010101000000000110000110000000000000000000000000000100000000000011000000000000001000000000000000000000000110010000
0100000100100000000000000000000000000001000000000000000000001001001010001000000001001010101000000000110000110000000000000000000000000000100000000000011000000000000001000000000000000000000000110010000
0000000000000000000000000100000000000000000000000000000000000000000000000000000000000000000000000000000000000000000000000000001000000000000000000000000000000000000000000000000000000000000000000000000
0000000000000000000000000000000000000000000000010000000000000000000000000000000000100000000000000000000000000000000000000000000000000000000000000000000000000000000000000000000000000000000000000000000
0000000000000000000000000000000000000000000000000000000000000000000000000000000000000000000000000000000000000000000001000001000000000000000000000000000000000000000000000000000000000000000000000000000
0000000000000000000000000000000000000000000000010000000000000000000000000000000000100000000000000000000000000000000001000001000000000000000000000000000000000000000000000000000000000000000000000000000
0000000000000000000000000000000000000000000000010001000000000000000000000000000000100000000000000000000000000000000001000001000000000000000000000000000000000000000000000000000000000000000000000000000
0000000000000000000000000000000000000000000000010001000000000000000000000000000000100000000000000000000000000000000001000001010000000000000000000000000000000000000000000000000000000000000000000000000
0000000000000000000000000100000000000000000000010001000000000000000000000000000000100000000000000000000000000000000001000001011000000000000000000000000000000000000000000000000000000000000000000000000
0000000000000000000000000100000000000000000000010001000100000000000000000000000000100000000000000000000000000000000001000001011000000000000000000000000000000000000000000000000000000000000000000000000
0000000000000000000000000100000000000000000000010001000100000000000000000000000000110000000000000000000000000000000001000001011000000000000000000000000000000000000000000000000000000000000000000000000
0000000000000000000000000100000000000000000000010001000100000000000000000000000000110000000000000000000000000000000001000001011000000000000000000000000000000000000000000010000000000000000000000000000
0100000100100000000000000100000000000001000000010001000100001001001010001000000001111010101000000000110000110000000001000001011000000000100000000000011000000000000001000010000000000000000000110010000
0100000100100000000000000100000000000001000000010001000100001001001010001000000001111010101000000000110000110000000001010001011000000000100000000000011000000000000001000010000000000000000000110010000
0000000000000000000000000000000000000000000000000000000000000000000000000000000000000000000000000000000000000000000000000000000000000000000000000000000000000000100010000000000000000000000000000000000
0000000000000000000000000000000000000000000000000100000000000000000000000000000000000000000000000000000000000000000000000000000000000000000000000000000000000000100010000000000000000000000000000000000
0000000000000000000000000000000000000000000000000100000000000000000000000000000000000001000000000000000000000000000000000000000000000000000000000000000000000000100010000000000000000000000000000000000
0100000100100000000000000100000000000001000000010101000100001001001010001000000001111011101000000000110000110000000001010001011000000000100000000000011000000000100011000010000000000000000000110010000
0100000100100000000000000100000000000001000001010101000100001001001010001000000001111011101000000000110000110000000001010001011000000000100000000000011000000000100011000010000000000000000000110010000
0000000000000010000000000000000000000000000000000000000000000000000000000000000000000000000000000000000000000000000000000000000000000000000000000000000000000000000000000000000000000000000000000000010
0000000000000000000000000000000000001000000000000000000000000000000000000000000000000000000000000000000000000000000000000000000000000000000000000000000000000001000000000000000000000000000000000000000
0000000000000000000000000000010000001000000000000000000000000000000000000000000000000000000000000000000000000000000000000000000000000000000000000000000000000001000000000000000000000000000000000000000
0000000000000000000000000000010000001000000000000000000000000000000000000000000000000000000000000000000000000000000000000000000000000000000010000000000000000001000000000000000000000000000000000000000
0000000000000000000000000000010000001000000000000000000000000000000001000000000000000000000000000000000000000000000000000000000000000000000010000000000000000001000000000000000000000000000000000000000
0000000000000010000000000000010000001000000000000000000000000000000001000000000000000000000000000000000000000000000000000000000000000000000010000000000000000001000000000000000000000000000000000000010
0100000100100010000000000100010000001001000001010101000100001001001011001000000001111011101000000000110000110000000001010001011000000000100010000000011000000001100011000010000000000000000000110010010
0100000100100010000000000100010000001001000001010111000100001001001011001000000001111011101000000000110000110000000001010001011000000000100010000000011000000001100011000010000000000000000000110010010
0100000100100010000000000100010000001001000001010111000100001001101011001000000001111011101000000000110000110000000001010001011000000000100010000000011000000001100011000010000000000000000000110010010
0000000000000000000000000000000000000000000000000000000000000000000000000000000000000000010000000000000000000000000000000000000000000000000000000000000100000000000000000000000000000000000000000000000
0000000000000000000000000000000000000000000000000000000000010000000000000000000000000000010000000000000000000000000000000000000000000000000000000000000100000000000000000000000000000000000000000000000
0100000100100010000000000100010000001001000001010111000100011001101011001000000001111011111000000000110000110000000001010001011000000000100010000000011100000001100011000010000000000000000000110010010
0100000100100010000000000100010000001001000001010111000100011001101011001000000001111011111000000000110000110000000001010001011000000000100010000000011100000011100011000010000000000000000000110010010
0000000000000000000000000000100000000000000000000000000000000000000000000000000000000000000000000000000000000100000000000000000000000000000000000000000000000000000000000000000000000000000000000000000
0100000100100010000000000100110000001001000001010111000100011001101011001000000001111011111000000000110000110100000001010001011000000000100010000000011100000011100011000010000000000000000000110010010
0100000100100010000000000100110000001001000001010111000100011001101011001000000001111011111000000000110000110100000001010011011000000000100010000000011100000011100011000010000000000000000000110010010
0000000000000000000000000010000000000000000000000000000000000000000000000000000000000000000000000000000000000010000000000000000000000000000000000000000000000000000000000000000000000000000000000000000
0100000100100010000000000110110000001001000001010111000100011001101011001000000001111011111000000000110000110110000001010011011000000000100010000000011100000011100011000010000000000000000000110010010
0000000000000000000000000000000000000000000000000000000000000000000000000000000000000000000000000000000000000000000000000000000000000000000000010000000000000000000000010000000000000000000000000000000
0100000100100010000000000110110000001001000001010111000100011001101011001000000001111011111000000000110000110110000001010011011000000000100010010000011100000011100011010010000000000000000000110010010
0000000000000000100000000000000000000000000000000000000000000000000000000000000000000000000000000000000000000000000000000000000000000000000000100000000000000000000000000000000000000000000000000000000
0100000100100010100000000110110000001001000001010111000100011001101011001000000001111011111000000000110000110110000001010011011000000000100010110000011100000011100011010010000000000000000000110010010
0000100000000000000000000000000000000000000000000000000000000000000000000000000010000000000000000000000000000000000000000000000000000000000000000000000000000000000000000000000000000000000000000000000
0000100000000000000000000000000000000000000000000000000000000000000000000000000010000000000000000000000000000000100000000000000000000000000000000000000000000000000000000000000000000000000000000000000
0000000000000000000000000000000000000000000000000000000000000000000000000000000100000000000000000000000000000000000000000000100000000000000000000000000000000000000000000000000000000000000000000000000
0000000000000000000000000000000000000000000000000000000000000000000000000000000000000000000000000000000000000000000000000000000000010000000000000000000000100000000000000000000000000000000000000000000
0000000000000000000000000000000000000000000000000000000000000000000000000000000000000000000000000000000100000000000000000000000000010000000000000000000000100000000000000000000000000000000000000000000
0000000000000000000000000000000000000000000000000000000000000000000000000000000100000000000000000000000100000000000000000000100000010000000000000000000000100000000000000000000000000000000000000000000
0000000000000000000000000000000000000000000000000000000000000000000000000010000100000000000000000000000100000000000000000000100000010000000000000000000000100000000000000000000000000000000000000000000
0000000000000000000000000000000000000000000000000000000000000000000000000000000000000000000000001000000000000000000000000000000000000000000000000000000000000000000000001000000000000000000000000000000
0000000000000000000000000000000000000000000000000000000000000000000000000010000100000000000000001000000100000000000000000000100000010000000000000000000000100000000000001000000000000000000000000000000
0000000000000000000000000000000000000000000000000000000000000000000000000000000000000000000000000000000000000000000000000000000000000000000000000000000000000000010000000000000000000100000000000000000
0000000000000000000000000000000000000000000000000000000000000000000000000010000100000000000000001000000100000000000000000000100000010000000000000000000000100000010000001000000000000100000000000000000
0000000000000000000000000000000000000000000000000000000000000000000000000010000100000000000000001000000100000000000000000000100000010000000000000000000000100000010000001000000000000100000010000000000
0000100000000000000000000000000000000000000000000000000000000000000000000010000110000000000000001000000100000000100000000000100000010000000000000000000000100000010000001000000000000100000010000000000
0000100000000000000000000000000000000000000000000000000000000000000000000010000110000000000000011000000100000000100000000000100000010000000000000000000000100000010000001000000000000100000010000000000
0000110000000000000000000000000000000000000000000000000000000000000000000010000110000000000000011000000100000000100000000000100000010000000000000000000000100000010000001000000000000100000010000000000
0000000010000000000000000000000000000000000000000000000000000000000000000000000000000000000000000000000000000000000000000000000000100000000000000000000000000000000000000000000000000000000000000000000
0000000000000000000000000000000000000000000000000000000000000000000000000000000000000000000000000100000000000000000000000000000000000000000000000000000000000000000000000000000000000000010000000000000
0000000010000000000000000000000000000000000000000000000000000000000000000000000000000000000000000100000000000000000000000000000000100000000000000000000000000000000000000000000000000000010000000000000
0000000010000000000000000000000000000000000000000000000000000000000000000000000000000000000000100100000000000000000000000000000000100000000000000000000000000000000000000000000000000000010000000000000
0000000000000000000000000000000000000000000000000000000000000000000000000000000000000000000000000010000000000000000000000000000000000000000100000000000000000000000000000000000000000000000000000000000
0000000010000000000000000000000000000000000000000000000000000000000000000000000000000000000000100110000000000000000000000000000000100000000100000000000000000000000000000000000000000000010000000000000
0000000010000000000000000000000000000000000000000000000000000000000000000000000000000000000000100110000000000000000000000000000000100000000100000000000000000000000000000000000100000000010000000000000
0000000000000000000000000000000000000000000000000000000000000000010000000000000000000000000000000000000000000000000000000000000000000000000000000000000000000000000000000000000000001000000000000000000
0000000000000000000000000000000000000000000000000000000000000000010000000000000000000000000000000000000000000000000000100000000000000000000000000000000000000000000000000000000000001000000000000000000
0000000000000000001000000000000000000000000000000000000000000000010000000000000000000000000000000000000000000000000000100000000000000000000000000000000000000000000000000000000000001000000000000000000
0000000000000000001000000000000000000000000000000000000000000000010000000000000000000000000000000000000000000000000000100000000000000000001000000000000000000000000000000000000000001000000000000000000
0000000010000000001000000000000000000000000000000000000000000000010000000000000000000000000000100110000000000000000000100000000000100000001100000000000000000000000000000000000100001000010000000000000
0000110010000000001000000000000000000000000000000000000000000000010000000010000110000000000000111110000100000000100000100000100000110000001100000000000000100000010000001000000100001100010010000000000
0000000000000000000000000000000000010000000000001000000000000000000000000000000000000000000000000000000000000000000000000000000000000000000000000000000000000000000000000000000000000000000000000000000
0000000000000000000000000000000000010000000000001000000000000000000000000000000000000000000000000000000000000000000000000000000000000000000000000000100000000000000000000000000000000000000000000000000
0000000000000000000000000000000000010000000000001000000000000000000000000000000000000000000000000000000001000000000000000000000000000000000000000000100000000000000000000000000000000000000000000000000
0000000000000000000000000000000000010000000000001000000000000000000000000000000000000000000000000000000001000000000000000000000000000000000000000000100000000000000000000000000000000000000000000001000
0000000000000000000000000000000000010000000000001000010000000000000000000000000000000000000000000000000001000000000000000000000000000000000000000000100000000000000000000000000000000000000000000001000
0000000000000000000000000000000000000000000000000000000000000000000000000000000000000000000000000000000000000000000000000000000000000000000000000100000000000000000000000000000001000000000000000000000
0000000000000000000000000000000000000000000000000000000000000000000000000000000000000000000000000000000000000000000000000000000000000000000000000100000000000000000000000001000001000000000000000000000
0000000000000000000000000000000000000000000000000000000000000000000000000000000000000000000000000000000000000000000000000000000000000000010000000100000000000000000000000001000001000000000000000000000
0000000000000000000000000000000000010000000000001000010000000000000000000000000000000000000000000000000001000000000000000000000000000000010000000100100000000000000000000001000001000000000000000001000
0000000000000000000000000000000000000000000000000000000000000000000000010000000000000000000000000000000000001000000000000000000000000000000000000000000000000000000000000000000000000000000000000000000
0000000000000000000000000000000000010000000000001000010000000000000000010000000000000000000000000000000001001000000000000000000000000000010000000100100000000000000000000001000001000000000000000001000
0000110010000000001000000000000000010000000000001000010000000000010000010010000110000000000000111110000101001000100000100000100000110000011100000100100000100000010000001001000101001100010010000001000
0000110010000000001000000000000000010000000000001000010000000000010000010010000110000000000000111110000101001000100000100000100000110000011100000100100000100000010000001001000101101100010010000001000
0000000001000000000000000000000000000000000000000000000000000000000000000000000000000000000000000000000010000000000000000000000000000000000000000000000000000000000000000000000000000000000000000000000
0000000001000000000000000000000000000000000000000000000000000000000000000000000000000000000000000000000010000000000100000000000000000000000000000000000000000000000000000000000000000000000000000000000
0000000000000000000000000000000000000000000000000000000000000000000000000000000000000000000100000000000000000000000000000000000000000000000000000000000000000000000000000000000000000010000000000000000
0000000001000000000000000000000000000000000000000000000000000000000000000000000000000000000100000000000010000000000100000000000000000000000000000000000000000000000000000000000000000010000000000000000
0000000001000000000010000000000000000000000000000000000000000000000000000000000000000000000100000000000010000000000100000000000000000000000000000000000000000000000000000000000000000010000000000000000
0000000001000000000010000000000000000000000000000000000000000000000000000000000000000000000100000000000010000000000100000000000100000000000000000000000000000000000000000000000000000010000000000000000
0000000000000000000000000000000000000010000000000000000000000000000000000000100000000000000000000000000000000000000000000000000000000000000000000000000000000000000000000000000000000000000000000000000
0000000000000000000000000000000000000010000000000000000000000000000100000000100000000000000000000000000000000000000000000000000000000000000000000000000000000000000000000000000000000000000000000000000
0000000001000000000010000000000000000010000000000000000000000000000100000000100000000000000100000000000010000000000100000000000100000000000000000000000000000000000000000000000000000010000000000000000
0000000001000000000010000000000000000010100000000000000000000000000100000000100000000000000100000000000010000000000100000000000100000000000000000000000000000000000000000000000000000010000000000000000
0000000001000000000010000000000000000010100000000000000000000000000100000000100000000000000100000000000010000000000100000000000100000000000000000000000010000000000000000000000000000010000000000000000
0000000000000000000000000000000000000000000000000000000000000000000000000000000000000000000000000000000000000000000000000100000000000000000000000000000000000000000000000000000000000000000000000100000
0000000001000000000010000000000000000010100000000000000000000000000100000000100000000000000100000000000010000000000100000100000100000000000000000000000010000000000000000000000000000010000000000100000
0000000000000000000000000000000001000000000000000000000000000000000000000000000000000000000000000000000000000000000000000000000000000000000000000010000000000000000000000000000000000000000000000000000
0000000000000000000000000000000001000000001000000000000000000000000000000000000000000000000000000000000000000000000000000000000000000000000000000010000000000000000000000000000000000000000000000000000
0000000001000000000010000000000001000010101000000000000000000000000100000000100000000000000100000000000010000000000100000100000100000000000000000010000010000000000000000000000000000010000000000100000
0000000000000000000000010000000000000000000000000000000000000000000000000100000000000000000000000000000000000000000000000000000000000000000000000000000000000000000000000000000000000000000000000000000
0000000000000000000000010000000000000000000000000000000000000000000000000100000000000000000000000000000000000000000000000000000000000000000000000000000000000000000000000000001000000000000000000000000
0000000001000000000010010000000001000010101000000000000000000000000100000100100000000000000100000000000010000000000100000100000100000000000000000010000010000000000000000000001000000010000000000100000
0000000001000000000010010001000001000010101000000000000000000000000100000100100000000000000100000000000010000000000100000100000100000000000000000010000010000000000000000000001000000010000000000100000
0000000000000000000000000000000000000000000000000000000000000000000000000000000000000000000010000000000000000000000000000000000000000000000000000000000000000000000000000000000010000000000000000000000
0000000000000000000000000000000000000000000010000000000000000000000000000000000000000000000010000000000000000000000000000000000000000000000000000000000000000000000000000000000010000000000000000000000
0000000000000000000000000000000000000000000010000000000000000000000000000000000000000000000010000000000000000000000000000000000000000100000000000000000000000000000000000000000010000000000000000000000
0000000001000000000010010001000001000010101010000000000000000000000100000100100000000000000110000000000010000000000100000100000100000100000000000010000010000000000000000000001010000010000000000100000
0000000000000000000000000000000000000000000000000000000000000000000000000000000000000000000000000000000000000000000000000000000000000001000000000000000000000000000000100000000000000000000000000000000
0000000001000000000010010001000001000010101010000000000000000000000100000100100000000000000110000000000010000000000100000100000100000101000000000010000010000000000000100000001010000010000000000100000
0000000001000000000010010001000001000010111010000000000000000000000100000100100000000000000110000000000010000000000100000100000100000101000000000010000010000000000000100000001010000010000000000100000
0000110011000000001010010001000001010010111010001000010000000000010100010110100110000000000110111110000111001000100100100100100100110101011100000110100010100000010000101001001111101110010010000101000
0000110011000000001010010001000001010010111010001000010000000000010100010110110110000000000110111110000111001000100100100100100100110101011100000110100010100000010000101001001111101110010010000101000
0000110011000000001010010001000001010010111010001000010000000000010100010110110110000000000110111110000111001000100100100100100100110101011100001110100010100000010000101001001111101110010010000101000
0000000000000000000000000000000000100000000000000000000000000000000000000000000000000000000000000000000000000000000000000000000000000000000000000000000000001000000000000000000000000000000000000000000
0000110011000000001010010001000001110010111010001000010000000000010100010110110110000000000110111110000111001000100100100100100100110101011100001110100010101000010000101001001111101110010010000101000
0000110011001000001010010001000001110010111010001000010000000000010100010110110110000000000110111110000111001000100100100100100100110101011100001110100010101000010000101001001111101110010010000101000
0000110011001000001010010001000001110010111010001000010000000000010100010110110110000000000110111110000111001000100100100100100100110101011100001110100010101000011000101001001111101110010010000101000
0000110011001000001010010001000001110010111010001000010000000000010100010110110110000000000110111110000111001000100100100100100100110101011100001110100010101000011000101101001111101110010010000101000
0000110011001000001010010001000011110010111010001000010000000000010100010110110110000000000110111110000111001000100100100100100100110101011100001110100010101000011000101101001111101110010010000101000
0000110011001000001010010001001011110010111010001000010000000000010100010110110110000000000110111110000111001000100100100100100100110101011100001110100010101000011000101101001111101110010010000101000
0010110011001000001010010001001011110010111010001000010000000000010100010110110110000000000110111110000111001000100100100100100100110101011100001110100010101000011000101101001111101110010010000101000
0010110011001000001010010001001011110010111010001000010000000000010100010110110110000100000110111110000111001000100100100100100100110101011100001110100010101000011000101101001111101110010010000101000
0000000000000000000000000000000000000000000000000000000000000000000000000000000000000000000000000000000000000000000000000000000000000000000000000000000001000000000000000000000000000000100000000000000
0000000000000000000000000000000000000000000000000000001000000000000000000000000000000000000000000000000000000000000000000000000000000000000000000000000001000000000000000000000000000000100000000000000
0000000000000000000000000000000000000000000000000000001000000000000000000000000000000000000000000000000000000000000000000000000000001000000000000000000001000000000000000000000000000000100000000000000
0000000000000000000001000000000000000000000000000000001000000000000000000000000000000000000000000000000000000000000000000000000000001000000000000000000001000000000000000000000000000000100000000000000
0000000000000000000001000000000000000000000000000000001000000000000000000000000000000000000000000000000000000000000000000000000000001000000000000000000001000000000000000000000000000000100000001000000
0010110011001000001011010001001011110010111010001000011000000000010100010110110110000100000110111110000111001000100100100100100100111101011100001110100011101000011000101101001111101110110010001101000
0010110011001000001011010001001011110010111010001000011000000000010100010110110110000100000111111110000111001000100100100100100100111101011100001110100011101000011000101101001111101110110010001101000
0000000000000000000000000000000000000000000000000000000000000000000000000000000000000000000000000000000000000000000000000000000000000000000000000000000000010000000000000000000000000000000000000000001
0010110011001000001011010001001011110010111010001000011000000000010100010110110110000100000111111110000111001000100100100100100100111101011100001110100011111000011000101101001111101110110010001101001
0000000000000000000000000000000000000000000000000000000000000010000000000000000000000000000000000000000000000000000000000000000000000000000000000000000000000000000000000000000000010000000000000000000
0000000000000000000000000000000000000000000000000000000000000010000000000000000000000000000000000000000000000001000000000000000000000000000000000000000000000000000000000000000000010000000000000000000
0000000000000000000000000000000000000000000000000000000000000010000000000000000000000000000000000000000000000001000000000000000000000000000000000000000000000000000000000000100000010000000000000000000
0000000000000000000000000000000000000000000000000000000000000010000000000000000000000000000000000000000000000001000000000000000000000000000000000000000000000000000000000000100000010000000000000000100
0000000000000000000000000000000000000000000000000000000000000010000000000000000000000000000000000000000000000001000000000000000010000000000000000000000000000000000000000000100000010000000000000000100
0000000000000000000000000000000000000000000000000000000000000010000000000001000000000000000000000000000000000001000000000000000010000000000000000000000000000000000000000000100000010000000000000000100
0000000000000000000000000000000000000000000000000000000010000010000000000001000000000000000000000000000000000001000000000000000010000000000000000000000000000000000000000000100000010000000000000000100
0010110011001000001011010001001011110010111010001000011010000010010100010111110110000100000111111110000111001001100100100100100110111101011100001110100011111000011000101101101111111110110010001101101
