(131, 22553)
(132, 6945)
(132, 19442)
(132, 22554)
(133, 6944)
(133, 19443)
(133, 22555)
(134, 6943)
(5195, 24413)
(5196, 24414)
(8817, 19658)
(8817, 29592)
(8818, 19657)
(8819, 19656)
(8820, 19655)
(11728, 28095)
(11729, 28094)
(15397, 10442)
(15397, 11244)
(15397, 19524)
(17665, 32851)
(17666, 4086)
(17666, 32852)
(17666, 49842)
(17667, 49843)
(22292, 14693)
(22293, 14692)
(22294, 14691)
(22294, 38890)
(22295, 712)
(22295, 14690)
(22295, 38891)
(22296, 14689)
(22296, 38892)
(22297, 14688)
(23846, 24613)
(23846, 48111)
(23847, 24612)
(25798, 47018)
(25799, 24129)
(25799, 30883)
(25799, 47017)
(25800, 30882)
(26458, 546)
(26458, 8779)
(26458, 30730)
(34318, 46724)
(34318, 46971)
(34319, 46723)
(35040, 47019)
(35041, 47018)
(35042, 24129)
(35042, 30883)
(35042, 47017)
(35043, 47016)
(36297, 18387)
(36297, 25418)
(41931, 5808)
(41931, 20376)
(41931, 36021)
(41932, 5809)
(42557, 387)
(43915, 21304)
(43916, 21303)
(43916, 22026)
(43917, 21302)
(50013, 6944)
(50013, 19443)
(50013, 22555)
(50014, 22556)
(59412, 29851)
(59413, 11004)
(59413, 24576)
(59413, 29850)
(59414, 11005)
(62061, 28586)
(62062, 7284)
(62062, 28587)
(74940, 41807)
(74941, 41806)
(74942, 41549)
(74942, 41805)
(74942, 49891)
(74943, 41804)
(74943, 49890)
(74944, 49889)
(82743, 5808)
(82743, 20376)
(82743, 36021)
(82744, 36020)
(96466, 6927)
(96466, 10977)
(96466, 41373)
(96467, 6926)
(96467, 10978)
(101840, 6945)
(101840, 19442)
(101840, 22554)
(101841, 6944)
(101841, 19443)
(101841, 22555)
(101842, 6943)
(101843, 6942)
(102361, 46323)
(102362, 11792)
(102362, 46322)
(102363, 11791)
(102363, 46321)
(102364, 11790)
(104163, 8853)
(104163, 11355)
(104163, 16295)
(115407, 46135)
(115408, 46136)
(115409, 18036)
(115409, 45505)
(115409, 46137)
(115410, 46138)
(116392, 51039)
(118684, 121)
(118684, 44323)
(123540, 121)
(123540, 44323)
(123541, 44322)
(123689, 35586)
(123689, 40448)
(123690, 35587)
(123854, 2728)
(123854, 50160)
(123855, 2727)
(130229, 24613)
(130229, 48111)
(141217, 35586)
(141217, 40448)
(141218, 40449)
(168791, 34634)
(199984, 5808)
(199984, 20376)
(199984, 36021)
(199985, 20377)
(199986, 20378)
(199987, 20379)
(199988, 20380)
(205821, 18192)
(205821, 26666)
(205821, 37708)
(205822, 26665)
(205822, 37709)
(207785, 21809)
(213684, 41806)
(213685, 41549)
(213685, 41805)
(213685, 49891)
(213686, 41804)
(213686, 49890)
(214203, 11003)
(214204, 11004)
(214204, 24576)
(214204, 29850)
(214205, 29849)
(232455, 8853)
(232455, 11355)
(232455, 16295)
(232456, 8854)
(232456, 16296)
(234415, 5036)
(234416, 5037)
(234416, 43315)
(234416, 47115)
(234417, 5038)
(234417, 43314)
(235799, 18387)
(235799, 25418)
(235800, 25417)
(235801, 25416)
(242558, 874)
(242559, 875)
(242559, 17040)
(242559, 36840)
(246966, 11241)
(246967, 11242)
(246968, 11243)
(246969, 10442)
(246969, 11244)
(246969, 19524)
(249148, 38077)
(255981, 11791)
(255981, 46321)
(255982, 11790)
(257584, 26667)
(257585, 18192)
(257585, 26666)
(257585, 37708)
(263164, 25094)
(267354, 28586)
(267355, 7284)
(267355, 28587)
(268962, 25124)
(268962, 27289)
(269906, 8853)
(269906, 11355)
(269906, 16295)
(269907, 8854)
(269907, 16296)
(269908, 8855)
(270705, 546)
(270705, 8779)
(270705, 30730)
(283385, 6928)
(283386, 6927)
(283386, 10977)
(283386, 41373)
(283387, 6926)
(283387, 10978)
(284716, 549)
(284717, 548)
(284718, 547)
(284718, 8778)
(284719, 546)
(284719, 8779)
(284719, 30730)
(284720, 8780)
(284720, 30729)
(284721, 8781)
(284721, 30728)
(284722, 30727)
(290981, 50532)
(294244, 18036)
(294244, 45505)
(294244, 46137)
(294245, 46138)
(295076, 27694)
(295740, 25126)
(295741, 25125)
(295741, 27288)
(295742, 25124)
(295742, 27289)
(298515, 2728)
(298515, 50160)
(301184, 3775)
(301185, 3776)
(301185, 34346)
(308785, 234)
(317409, 7810)
(322421, 712)
(322421, 14690)
(322421, 38891)
(342813, 17714)
(353335, 36800)
(353336, 36801)
(358036, 12262)
(358037, 12263)
(364033, 46972)
(364034, 46724)
(364034, 46971)
(366292, 28310)
(381633, 32851)
(381634, 4086)
(381634, 32852)
(381634, 49842)
(381635, 4087)
(387826, 35896)
(387904, 713)
(387905, 712)
(387905, 14690)
(387905, 38891)
(391492, 875)
(391492, 17040)
(391492, 36840)
(391493, 36839)
(395268, 5166)
(395269, 5167)
(395270, 5168)
(398490, 49652)
(398491, 49653)
(398492, 49654)
(404377, 3656)
(404377, 13434)
(404378, 3655)
(406524, 29590)
(406525, 29591)
(408049, 12522)
(412318, 48337)
(412454, 26667)
(412455, 18192)
(412455, 26666)
(412455, 37708)
(412456, 18193)
(416427, 3656)
(416427, 13434)
(418777, 25470)
(419614, 46136)
(419615, 18036)
(419615, 45505)
(419615, 46137)
(419616, 46138)
(419617, 46139)
(419618, 46140)
(423328, 45986)
(431939, 874)
(431940, 875)
(431940, 17040)
(431940, 36840)
(431941, 876)
(431941, 17039)
(431942, 877)
(434887, 47116)
(434888, 5037)
(434888, 43315)
(434888, 47115)
(434889, 5038)
(434889, 43314)
(452961, 34344)
(452962, 34345)
(452963, 3776)
(452963, 34346)
(452964, 34347)
(461511, 29851)
(461512, 11004)
(461512, 24576)
(461512, 29850)
(461513, 11005)
(461542, 22024)
(461543, 22025)
(461544, 21303)
(461544, 22026)
(463279, 24128)
(463280, 24129)
(463280, 30883)
(463280, 47017)
(464891, 19658)
(464891, 29592)
(464892, 19657)
(465378, 47116)
(465379, 5037)
(465379, 43315)
(465379, 47115)
(465941, 47168)
(478287, 32851)
(478288, 4086)
(478288, 32852)
(478288, 49842)
(478289, 4087)
(485186, 6927)
(485186, 10977)
(485186, 41373)
(485187, 6926)
(485187, 10978)
(485188, 10979)
(485189, 10980)
(498654, 41807)
(498655, 41806)
(498656, 41549)
(498656, 41805)
(498656, 49891)
(498657, 41548)
(498658, 41547)
(499257, 10442)
(499257, 11244)
(499257, 19524)
