11164.8683526
546.448706285
647.496386285
674.507286285
784.555296285
787.591346285
912.650256285
934.659756285
1013.69793629
1062.71833629
1116.70712629
1133.75544629
1302.78643629
1319.83475629
1417.81337629
1432.91881629
1532.84031629
1561.96140629
1661.02981629
1695.90364629
1766.94075629
1774.11387629
1867.98843629
1877.12306629
1925.00989629
1990.20712629
2053.10485629
2146.30823629
2166.18891629
2243.36099629
2267.23659629
2314.39810629
2368.28427629
2411.45086629
2482.32720629
2524.53492629
2595.41126629
2655.57541629
2756.62309629
2781.49057629
2893.68200629
2967.56988629
3006.76606629
3134.82464629
3153.64919629
3252.71760629
3290.92575629
3347.94721629
3383.75809629
3447.01562629
3511.81667629
3568.83813629
3594.08403629
3665.12114629
3705.89704629
3779.16407629
3819.93997629
3850.20118629
3933.98290629
3964.24411629
4062.07786629
4078.28704629
4163.12554629
4225.35545629
4276.20960629
4353.45041629
4391.23654629
4490.50932629
4547.33765629
4547.53078629
4661.38058629
4676.57337629
4733.59483629
4804.63194629
4847.45989629
4905.67962629
4984.51880629
5018.76368629
5097.60286629
5165.83209629
5260.66619629
5278.91615629
5393.94309629
5446.74550629
5507.98602629
5559.82956629
5605.03878629
5656.88232629
5718.12284629
5770.92525629
5885.95219629
5904.20215629
5999.03625629
6067.26548629
6146.10466629
6180.34954629
6259.18872629
6317.40845629
6360.23640629
6431.27351629
6488.29497629
6503.48776629
6617.33756629
6617.53069629
6674.35902629
6773.63180629
6811.41793629
6888.65874629
6939.51289629
7001.74280629
7086.58130629
7102.79048629
7200.62423629
7230.88544629
7314.66716629
7344.92837629
7385.70427629
7458.97130629
7499.74720629
7570.78431629
7596.03021629
7653.05167629
7717.85272629
7781.11025629
7816.92113629
7873.94259629
7912.15074629
8011.21915629
8030.04370629
8158.10228629
8197.29846629
8271.18634629
8383.37777629
8408.24525629
8509.29293629
8569.45708629
8640.33342629
8682.54114629
8753.41748629
8796.58407629
8850.47024629
8897.63175629
8921.50735629
8998.67943629
9018.56011629
9111.76349629
9174.66122629
9239.85845629
9287.74528629
9296.87991629
9390.75447629
9397.92759629
9468.96470629
9503.83853629
9602.90694629
9632.02803629
9731.94953629
9747.05497629
9845.03359629
9862.08191629
10031.1129063
10048.1612263
10102.1500163
10151.1704163
10230.2085963
10252.2180963
10377.2770063
10380.3130563
10490.3610663
10517.3719663
10618.4196463
