908 2847
446 859
526 363
12 687
606 480
329 532
554 71
347 719
361 384
481 100
135 100
546 768
106 795
585 433
235 878
56 577
864 232
666 556
825 529
81 146
87 459
579 525
515 148
674 109
338 73
197 311
515 293
862 59
458 488
41 219
138 141
637 223
891 538
253 608
895 177
788 199
664 77
630 509
460 477
299 601
121 214
302 125
544 465
362 785
457 527
336 771
815 138
33 147
533 624
772 354
809 504
24 21
867 654
600 840
488 621
640 175
237 484
720 808
366 71
738 116
177 513
116 554
62 145
541 535
873 740
785 205
276 493
129 139
596 249
383 612
725 416
690 66
566 688
219 550
469 15
254 747
293 52
60 724
443 651
98 761
873 120
85 263
527 336
88 546
73 45
453 708
131 54
887 182
248 400
193 273
376 559
639 817
714 728
144 187
341 35
907 775
530 749
141 621
143 130
788 664
23 649
83 431
393 75
747 116
772 705
90 874
81 328
173 847
31 196
588 806
865 431
206 346
870 205
796 736
321 733
123 617
289 542
694 597
404 652
371 134
488 447
716 818
163 713
884 72
867 455
878 704
880 389
879 343
519 675
830 791
564 765
201 231
178 230
200 284
826 621
254 352
173 108
46 266
444 619
531 16
434 536
625 288
625 875
739 734
335 445
690 297
711 235
604 423
182 512
371 60
651 222
209 711
730 597
470 101
244 190
411 616
510 874
421 506
269 592
632 151
650 282
601 118
729 540
659 552
773 742
61 777
359 435
217 59
3 570
648 272
690 261
9 775
265 218
198 317
492 896
769 781
738 139
207 513
262 180
891 369
412 800
107 440
677 289
537 28
385 706
351 81
135 693
854 470
639 836
527 867
676 753
608 850
629 13
536 793
76 114
367 166
333 541
39 470
105 710
822 483
633 831
119 779
138 851
329 544
752 833
237 527
826 849
630 870
477 174
117 199
525 32
357 389
638 443
893 476
313 312
461 762
90 849
532 658
572 908
274 843
296 90
429 867
540 229
465 619
157 626
718 149
396 450
567 374
594 666
665 762
856 823
853 774
433 749
731 73
419 847
563 6
595 742
395 279
543 51
487 466
544 34
736 881
437 132
222 397
500 434
843 881
474 443
279 136
114 72
716 646
302 219
147 629
258 472
521 435
905 231
279 676
186 168
464 789
807 760
168 170
3 702
882 436
58 665
537 247
185 538
858 430
868 886
672 291
660 605
383 616
459 748
299 66
246 410
142 193
106 526
133 636
674 678
415 552
129 282
242 846
97 398
794 713
36 853
160 234
489 228
640 292
837 42
37 514
615 654
469 193
129 36
259 840
739 191
44 177
210 892
231 733
34 379
109 875
550 851
499 819
830 750
707 896
337 669
747 387
430 685
777 594
150 572
727 647
321 788
160 572
515 369
435 723
39 204
353 187
600 100
156 21
448 582
654 321
566 552
592 179
886 510
651 144
214 205
605 851
515 481
186 41
666 386
371 440
832 619
34 312
306 309
714 438
754 33
2 583
791 286
668 868
228 742
372 451
392 61
329 663
58 293
60 78
444 237
672 131
857 892
287 353
768 33
698 885
879 109
682 36
222 501
207 579
806 440
476 608
792 214
846 905
278 426
833 510
32 768
148 898
239 638
477 842
600 78
461 219
834 535
727 192
137 268
344 758
712 197
476 857
59 512
856 745
580 796
36 835
33 634
219 787
477 471
818 735
817 557
653 500
252 390
841 876
715 775
536 179
57 587
357 75
778 336
31 687
510 95
575 67
834 622
299 787
672 471
160 260
721 541
464 87
264 52
581 57
854 181
86 818
820 9
754 309
111 229
593 641
533 606
615 206
525 23
503 458
760 786
509 305
11 895
430 466
160 13
489 201
548 507
199 164
271 299
744 262
212 721
268 489
254 218
739 525
574 3
557 57
562 388
545 690
30 284
361 16
879 903
733 792
76 573
168 379
96 572
153 662
316 230
263 195
295 302
896 623
255 499
432 244
427 631
463 230
800 298
547 861
894 825
571 745
743 218
883 414
559 695
877 561
281 598
747 642
627 527
773 276
689 122
195 622
266 157
837 247
729 841
569 540
398 860
593 636
99 288
575 883
227 266
456 390
174 775
374 528
259 7
62 600
164 518
470 706
688 799
291 461
310 443
591 94
799 777
283 199
323 371
3 87
863 629
403 734
885 793
377 273
514 309
219 339
898 449
153 219
390 728
7 618
31 222
272 652
828 324
478 128
904 887
816 388
138 614
693 317
306 557
487 804
612 790
404 360
278 171
170 161
446 553
659 498
271 439
60 893
776 384
64 402
284 904
161 553
449 364
351 778
651 48
402 286
621 333
285 648
325 875
557 657
542 721
389 815
434 392
401 654
643 106
78 330
246 57
897 434
3 137
834 216
886 718
341 781
416 188
254 396
155 12
764 67
820 608
123 807
54 168
294 12
170 579
500 462
355 14
83 149
356 477
877 546
242 585
477 639
463 572
686 652
692 627
235 248
626 885
276 816
736 402
357 733
648 225
387 764
579 198
819 42
107 339
790 34
441 721
761 708
11 348
860 726
306 583
16 758
899 604
646 557
728 426
84 560
52 311
75 780
33 709
717 590
39 27
903 600
116 702
522 302
674 643
161 572
647 745
194 902
286 800
825 49
827 524
384 519
719 65
261 697
634 254
412 429
42 357
299 94
9 783
46 211
176 94
659 859
289 196
491 317
715 808
807 190
679 837
132 374
812 272
596 37
253 902
354 405
401 406
194 897
802 192
253 887
345 206
680 850
666 70
759 423
762 495
563 754
344 839
751 715
510 233
241 363
854 804
118 777
138 270
659 864
781 803
423 777
771 558
573 219
409 753
776 476
806 800
607 17
380 333
831 503
84 178
49 496
819 756
246 385
31 615
146 535
458 107
810 785
78 318
462 36
228 292
501 516
837 504
124 456
608 464
19 259
221 408
14 10
128 239
492 259
95 89
23 328
101 755
502 169
788 332
217 884
607 30
735 544
385 353
810 649
740 156
818 867
602 698
752 905
492 652
204 165
332 498
745 894
550 695
714 163
489 793
398 253
520 153
59 506
597 886
856 774
620 518
713 759
241 675
611 902
571 788
318 569
725 103
781 842
775 29
123 295
154 172
30 28
162 140
864 489
404 772
599 228
178 12
751 35
182 177
111 789
850 688
801 778
473 822
436 430
58 569
403 104
158 306
527 222
842 658
609 178
637 798
827 298
900 428
704 234
502 865
216 853
252 147
445 899
138 339
306 132
358 515
17 131
473 577
259 263
498 190
11 48
186 296
668 619
680 478
679 475
406 142
582 119
468 435
597 801
819 547
806 625
130 318
395 549
289 475
678 863
129 388
166 3
611 223
543 381
669 333
690 287
784 787
231 893
414 423
179 363
486 680
202 581
278 662
503 802
87 329
509 417
589 508
882 19
386 665
207 499
29 240
160 310
179 521
33 604
240 100
644 581
817 254
43 361
387 564
708 570
344 759
843 344
757 818
352 194
226 881
250 737
626 664
4 763
593 767
480 358
105 466
802 762
790 606
773 329
167 238
617 335
817 234
139 319
486 513
681 253
662 498
792 333
887 838
401 329
239 824
656 758
871 263
91 292
532 390
458 698
223 510
595 244
262 229
561 57
618 648
568 519
149 770
514 216
900 384
868 650
542 847
465 137
362 70
513 526
525 190
693 338
287 351
308 240
809 219
539 884
851 359
119 641
384 74
874 258
582 122
658 515
308 22
753 892
661 9
75 671
370 174
482 257
282 287
284 15
126 613
625 314
474 112
581 268
443 861
898 734
728 61
639 658
234 592
552 235
660 20
787 644
865 356
757 253
132 429
5 372
799 441
13 670
288 296
183 371
721 243
792 807
443 494
446 468
10 373
682 661
536 749
594 892
480 36
633 894
30 109
214 286
894 219
271 312
551 11
385 23
632 347
596 148
634 67
601 652
411 496
342 434
591 202
745 711
246 451
654 106
875 651
896 719
1 826
146 537
332 902
761 506
872 659
465 99
599 832
33 359
185 745
865 95
442 248
390 807
710 348
731 684
463 100
411 607
780 183
124 601
675 91
640 87
307 213
555 753
593 9
21 736
243 432
410 131
355 91
731 586
826 810
889 540
85 174
155 94
83 805
673 840
157 215
103 240
604 864
235 440
474 77
421 867
6 484
490 662
802 415
80 209
237 357
75 605
576 198
776 115
602 542
248 375
619 597
395 281
499 259
457 346
174 210
748 569
469 798
883 3
167 273
617 83
525 628
564 219
415 358
793 707
879 632
736 250
422 335
833 667
317 469
472 746
468 871
622 832
60 577
757 551
283 434
669 785
15 468
555 636
675 299
597 127
659 681
781 328
300 234
771 716
70 346
290 411
114 256
169 480
189 306
651 491
501 448
450 341
400 699
841 540
806 542
753 738
720 790
359 386
581 578
343 452
492 591
257 441
631 11
170 877
409 179
782 620
326 856
238 341
611 39
888 341
523 178
542 454
657 179
177 870
439 362
835 489
69 757
729 279
760 254
6 457
854 269
599 497
109 314
837 726
851 845
377 898
859 867
717 321
681 352
298 42
248 251
599 893
433 468
179 152
748 557
516 249
282 147
135 52
72 184
517 566
73 321
311 284
557 858
204 775
403 849
243 484
840 189
439 411
575 520
46 6
866 810
298 479
718 411
355 258
230 295
625 224
493 474
203 771
93 544
560 630
570 108
291 415
718 282
259 230
650 730
227 570
230 826
599 88
548 253
491 881
391 520
845 504
512 477
282 444
341 809
857 512
164 854
260 878
609 797
314 451
898 4
280 74
635 726
360 877
380 542
621 551
50 123
864 792
296 74
334 518
245 105
427 122
82 774
747 366
289 125
253 292
325 179
381 794
555 262
442 495
37 452
120 765
597 885
624 744
536 89
664 398
97 19
354 460
298 449
745 671
563 375
233 435
547 635
288 343
516 412
573 776
7 283
559 286
544 303
625 355
611 285
82 107
462 744
845 45
854 99
190 786
894 687
770 841
201 271
521 419
316 854
779 541
894 101
643 122
669 156
726 343
802 319
876 807
646 694
623 640
539 231
870 824
542 293
325 381
571 381
781 239
710 159
431 415
329 217
663 698
479 483
743 349
838 686
552 877
625 51
715 708
845 483
666 384
575 848
174 742
325 469
721 859
3 804
775 759
171 326
227 165
137 141
85 660
606 180
734 393
365 538
701 405
121 78
766 499
92 6
883 309
900 714
558 810
280 381
335 119
173 376
875 98
255 32
808 468
275 655
738 182
398 365
740 792
122 621
513 223
436 698
607 125
520 55
330 824
185 96
429 432
362 85
71 895
661 619
277 12
879 817
353 894
796 390
247 377
321 661
123 545
567 794
753 476
201 290
386 766
9 138
447 301
619 276
105 465
35 733
587 408
310 255
147 715
331 166
649 378
26 440
173 567
158 622
506 192
37 24
537 359
2 166
465 889
162 874
12 732
264 368
805 3
491 624
499 424
730 241
261 752
319 398
836 868
251 883
33 420
285 373
767 780
625 803
408 22
334 803
797 591
46 701
17 616
569 459
56 242
454 349
845 398
646 193
478 2
625 183
363 34
80 748
470 300
491 34
805 583
131 85
646 483
675 528
877 724
290 155
336 709
814 862
803 459
398 486
181 585
365 476
113 259
331 340
149 197
794 839
597 81
446 615
802 740
414 524
312 413
37 581
899 374
740 591
464 765
816 610
14 727
638 331
753 185
864 388
224 35
207 688
134 197
797 283
728 62
48 843
359 387
786 524
253 168
698 791
275 497
900 686
794 169
243 421
189 246
410 619
315 324
326 890
312 671
799 754
614 225
532 747
58 802
440 142
616 572
816 537
323 657
694 416
841 615
474 120
93 807
538 411
389 497
637 213
106 434
551 336
20 774
337 142
640 448
842 593
39 454
352 408
281 826
835 383
39 343
408 852
337 627
619 900
755 238
495 892
645 904
283 222
85 555
451 679
87 141
805 524
272 487
57 74
862 524
316 798
819 356
341 445
804 496
164 474
543 264
279 230
374 447
197 548
255 488
477 840
390 799
28 789
175 171
358 633
482 695
419 60
422 849
6 485
248 852
816 849
91 207
787 666
60 419
202 460
243 440
321 326
510 24
826 505
791 770
188 689
871 1
728 817
160 526
15 127
327 626
94 907
868 854
325 680
186 705
846 670
562 901
743 269
451 232
345 427
625 438
843 507
829 377
840 275
890 377
654 124
93 105
490 283
551 22
572 550
297 314
797 327
82 803
412 80
269 900
256 135
314 543
901 244
170 398
631 704
779 70
271 538
186 14
429 516
727 445
113 504
450 545
768 812
713 682
330 526
130 675
130 236
295 305
707 762
890 582
841 273
385 397
421 908
524 550
121 474
731 651
567 378
43 168
442 467
499 542
334 22
463 524
64 566
543 765
69 645
892 811
290 373
296 397
866 257
301 840
394 439
178 328
567 429
698 627
92 262
37 387
847 406
133 671
676 843
897 783
111 70
374 833
778 87
191 832
859 605
804 202
823 62
257 25
684 173
898 507
117 92
390 906
374 677
378 255
344 387
884 731
774 812
287 239
120 863
802 701
674 230
711 96
773 109
293 652
862 866
829 586
97 113
170 89
722 538
663 812
645 734
532 889
398 898
455 695
64 32
908 891
339 285
334 353
205 817
633 257
281 148
847 163
621 767
456 281
471 729
6 331
621 837
340 363
676 666
844 177
899 851
442 650
264 901
284 531
213 494
14 298
289 310
400 863
216 654
367 190
192 465
102 697
697 572
418 344
130 430
833 639
564 54
506 58
163 833
532 897
705 549
764 603
106 759
371 494
493 358
444 400
11 226
839 178
805 110
475 266
847 679
384 110
631 780
101 769
211 193
838 494
566 596
714 357
606 687
863 498
439 796
262 832
413 865
89 91
164 387
237 307
184 449
520 443
499 820
762 882
561 562
657 774
904 151
665 502
457 163
220 841
261 462
852 682
725 676
83 217
377 65
288 478
611 216
542 812
377 50
128 839
222 842
616 316
312 893
525 692
341 397
515 482
735 61
464 387
874 851
169 421
390 656
228 331
693 793
175 566
110 593
643 118
574 471
668 662
394 692
306 530
698 880
625 816
350 262
392 707
361 34
783 670
857 287
110 487
735 58
79 125
851 886
11 757
526 67
809 455
698 537
482 191
878 497
780 588
584 746
787 514
717 487
681 734
574 624
829 728
634 251
778 125
743 509
449 673
502 341
74 292
288 603
695 37
823 735
39 275
316 892
354 171
464 567
411 749
877 882
312 86
147 714
646 890
280 63
483 536
616 782
194 6
468 451
270 670
399 318
221 895
203 220
497 511
803 231
698 460
239 826
688 575
178 46
74 793
457 125
221 460
253 44
502 673
527 143
269 139
19 851
131 182
23 380
412 580
262 859
289 371
54 647
361 263
273 607
444 6
105 897
544 134
276 372
317 473
676 768
336 11
372 268
528 196
364 697
572 661
815 594
872 124
835 711
154 538
533 627
366 266
419 516
181 900
422 758
901 150
667 63
339 619
107 464
751 408
441 372
751 514
39 646
819 525
248 787
69 591
1 807
398 803
769 861
4 865
888 233
318 716
899 280
726 823
269 729
2 545
422 35
833 773
760 803
230 118
625 566
186 878
554 680
156 567
125 501
309 771
511 790
738 556
705 636
261 635
407 870
730 274
876 277
736 859
236 756
769 854
275 691
765 737
145 238
903 390
106 152
161 339
71 714
86 876
406 7
728 212
244 593
747 145
507 283
70 61
199 140
184 720
277 40
575 497
885 894
63 603
266 827
305 140
882 584
531 704
417 445
146 734
883 286
95 641
685 417
740 860
706 604
873 815
12 410
567 72
221 811
385 755
388 633
795 286
655 549
395 371
577 602
139 540
286 278
489 170
180 362
15 230
261 376
546 824
481 43
135 55
322 368
801 107
15 344
735 228
257 429
369 811
725 446
98 497
198 342
552 81
556 830
691 163
358 742
269 708
843 841
61 780
687 552
205 240
722 282
34 580
591 621
335 427
303 735
435 463
240 661
848 783
560 756
761 546
26 48
411 3
214 3
107 522
537 676
20 312
905 892
231 613
489 350
90 388
771 432
257 758
32 844
794 428
672 666
599 394
898 158
37 754
900 174
545 1
513 381
402 865
404 186
387 130
748 275
152 190
506 733
107 881
688 84
462 355
618 598
530 65
906 164
128 59
312 328
95 361
98 479
888 454
887 733
83 164
10 534
764 451
159 27
161 744
487 837
326 632
688 711
544 618
781 406
30 449
676 329
277 889
771 87
807 710
719 864
523 320
46 762
109 788
755 577
593 336
26 783
527 645
543 530
285 499
750 761
824 176
457 476
708 453
649 11
45 640
25 494
754 224
646 424
575 274
727 531
391 632
304 75
423 39
244 850
775 406
191 223
356 555
329 878
128 154
221 865
598 521
784 96
753 247
810 796
43 877
889 74
348 156
360 405
844 550
321 393
356 579
587 505
399 26
297 123
65 908
417 657
454 195
242 851
120 545
481 831
93 545
70 558
400 139
625 691
365 557
132 133
478 681
338 574
156 712
877 71
894 895
879 679
898 354
111 196
263 591
908 271
858 622
158 271
470 45
718 729
505 129
213 876
878 9
292 254
883 126
702 219
160 238
141 463
790 403
847 875
26 324
835 112
140 777
270 477
424 781
873 116
78 446
465 433
452 717
20 371
812 828
742 47
707 475
28 243
139 269
76 53
489 411
809 405
209 479
710 258
783 498
805 22
19 170
112 632
277 589
708 137
378 161
162 699
625 491
37 333
184 655
419 256
10 276
38 787
497 115
265 685
727 342
639 464
196 142
625 130
702 688
520 583
597 497
686 489
561 699
802 561
819 725
744 841
787 73
790 429
350 372
355 75
52 430
398 352
883 311
283 370
320 705
799 29
199 550
130 43
882 452
442 361
280 580
885 638
843 237
856 488
684 816
86 6
507 63
551 72
664 746
115 904
815 567
806 725
492 184
539 561
900 70
906 762
601 693
624 706
146 77
311 368
316 893
666 234
48 93
836 142
218 587
256 511
322 810
523 242
800 161
639 907
32 795
622 191
395 660
309 443
791 296
602 612
15 786
253 803
90 327
146 179
788 79
645 323
93 237
779 369
339 604
740 10
141 580
898 321
280 333
889 97
880 812
459 868
155 760
411 658
603 307
527 746
146 413
6 539
225 669
100 287
465 192
356 843
175 716
605 604
531 425
627 669
811 863
560 904
49 706
859 769
198 791
827 783
849 795
331 524
248 681
339 722
605 382
333 714
475 12
459 214
885 585
544 656
449 617
265 548
378 490
431 356
399 848
148 464
530 366
903 288
7 826
196 420
466 116
108 710
326 547
809 176
39 304
667 62
45 766
408 678
74 709
662 184
884 643
116 607
836 558
618 761
13 667
640 560
109 498
787 835
56 311
151 184
315 867
14 368
699 367
368 259
419 897
848 610
580 693
467 697
503 762
568 140
593 38
271 846
726 481
314 633
43 231
651 337
391 545
163 372
290 769
631 32
740 854
28 634
750 616
415 426
90 79
645 741
333 88
188 880
595 688
540 512
33 817
694 115
695 302
368 885
699 734
89 821
773 758
155 163
653 864
708 512
488 46
604 868
841 622
761 678
671 603
245 40
565 895
657 502
567 623
698 746
473 194
181 561
600 238
568 497
732 10
418 661
91 889
424 425
406 265
136 381
372 838
709 608
33 783
643 270
601 689
610 231
96 433
132 188
221 744
857 339
403 643
559 19
210 245
694 291
531 127
436 599
716 129
536 551
683 389
578 776
669 789
855 131
548 412
566 647
897 649
718 611
696 381
574 889
115 1
797 731
73 247
526 49
236 539
311 72
170 498
855 693
185 325
510 653
573 91
832 640
467 112
675 567
105 872
642 340
291 830
805 755
862 265
669 416
428 586
411 735
50 382
230 177
459 121
86 645
503 553
131 361
760 832
94 30
154 338
544 893
448 609
678 452
850 132
618 693
249 635
342 477
163 583
622 806
334 790
831 636
781 493
837 299
30 803
108 634
829 882
411 618
792 718
446 563
485 256
179 148
790 57
276 236
779 869
101 113
546 533
319 709
214 655
654 728
749 731
622 539
91 618
610 99
77 531
334 20
651 370
564 91
74 747
284 341
451 530
303 605
253 898
684 393
99 334
404 301
802 258
567 476
308 575
42 18
904 201
888 462
373 394
433 346
788 14
511 682
462 80
356 581
272 267
186 30
692 546
429 850
822 99
53 596
8 310
482 341
82 302
101 18
378 391
648 870
575 437
633 150
656 624
87 48
253 296
236 288
435 880
520 288
21 861
704 715
194 355
857 33
103 810
469 171
641 394
644 129
26 600
904 611
417 219
905 679
596 828
318 880
264 903
754 128
683 587
813 536
580 805
119 427
870 289
808 620
835 788
196 507
417 498
584 424
130 611
243 503
321 575
360 185
582 772
436 419
240 228
661 822
518 28
904 384
315 652
218 501
286 586
412 769
589 787
862 473
405 440
167 335
407 542
410 710
583 719
782 901
895 713
469 406
344 742
789 290
720 418
278 809
638 179
89 739
861 773
271 378
368 524
793 541
78 447
900 25
557 104
134 268
232 848
601 54
582 112
824 681
254 449
736 320
863 146
575 83
32 870
897 494
643 326
595 116
282 569
504 830
428 783
432 112
848 834
797 609
63 86
286 549
252 397
224 316
417 238
187 17
723 67
685 228
35 69
53 366
754 630
512 396
419 371
421 662
6 410
229 803
357 270
866 38
287 253
325 74
329 180
534 908
497 544
632 538
443 454
320 556
81 515
623 659
367 111
653 22
669 583
564 246
548 37
640 270
78 353
82 83
309 83
865 674
356 634
623 124
473 704
648 103
93 692
86 597
128 512
154 355
778 300
175 710
34 99
308 435
36 280
111 708
829 154
528 747
708 700
825 269
755 849
104 455
33 743
15 563
589 863
463 286
185 796
93 763
258 592
779 94
853 59
764 61
381 747
438 297
756 905
693 360
759 506
467 225
454 425
882 342
404 344
563 123
843 268
275 139
271 573
165 224
5 188
138 450
528 198
91 430
271 468
748 144
669 673
731 293
713 786
128 67
458 92
878 229
539 221
722 151
465 872
395 8
588 646
590 749
475 813
593 746
200 327
542 624
102 526
609 437
314 27
461 589
740 275
42 72
245 513
671 750
770 411
305 542
126 694
144 97
110 844
808 8
292 630
356 350
447 426
394 34
124 293
706 423
553 244
407 471
598 804
682 125
608 714
377 880
145 875
882 219
607 719
442 873
557 497
425 560
157 845
764 474
160 510
396 503
895 53
496 403
316 62
241 178
294 132
777 539
150 631
188 702
728 241
557 74
503 46
825 775
184 46
147 601
848 245
167 287
723 566
833 327
372 69
9 901
319 672
485 253
820 123
146 589
312 285
259 886
849 10
777 392
878 14
859 81
39 107
151 856
8 218
858 558
515 685
200 577
312 454
646 160
667 486
773 701
444 482
184 664
600 685
497 402
353 373
390 786
820 533
363 489
328 703
220 8
902 539
907 465
443 868
7 490
854 764
547 177
439 415
579 319
226 479
837 237
142 859
307 79
163 117
787 523
858 472
359 401
888 517
737 81
691 98
507 645
524 385
791 7
4 459
632 372
856 669
361 532
570 739
883 699
129 548
824 291
411 734
416 200
146 353
516 792
492 677
257 552
259 659
540 800
492 129
42 176
862 302
427 163
892 354
785 163
181 485
272 463
186 13
95 181
565 220
336 231
747 420
861 201
868 752
896 606
876 855
55 39
754 545
240 620
41 154
5 420
500 473
306 46
149 612
758 168
500 773
528 307
251 355
514 817
397 395
169 609
794 343
524 775
279 797
782 635
473 846
438 829
370 360
851 37
691 533
413 625
747 554
145 476
661 150
115 849
632 719
264 724
745 458
513 180
608 259
256 536
631 442
11 478
340 504
620 525
125 425
865 175
99 850
906 820
637 462
33 672
178 382
326 389
349 740
266 566
338 120
582 159
18 144
329 304
517 250
387 400
618 820
178 23
622 554
105 745
737 780
296 555
759 765
758 623
209 193
636 360
835 616
47 267
655 806
698 202
8 794
650 681
501 654
119 557
584 823
787 628
57 307
169 439
136 243
82 294
745 126
321 796
587 847
415 245
734 408
256 572
204 623
578 518
263 859
603 505
142 743
566 901
742 426
368 475
258 780
8 711
494 884
852 901
448 323
103 407
638 685
287 860
418 29
674 864
26 416
206 537
101 178
801 15
432 161
547 639
695 224
438 774
274 799
885 530
389 285
17 827
711 846
362 100
261 664
374 169
507 257
441 508
630 67
819 801
33 13
405 709
891 863
285 879
303 624
769 127
510 44
403 476
314 340
78 229
225 631
779 767
564 692
676 432
328 211
94 305
495 841
450 880
626 812
255 50
212 810
437 630
276 895
405 162
558 472
673 229
150 309
606 414
715 760
479 746
512 212
768 793
677 241
149 867
190 624
713 435
455 73
293 906
719 621
888 573
722 652
616 620
232 630
181 30
181 713
122 277
44 881
192 622
151 492
274 860
414 59
324 522
842 574
806 71
40 439
687 383
304 823
835 725
250 95
584 670
35 681
884 747
395 29
479 608
318 877
339 338
155 329
293 295
95 528
131 107
849 52
406 435
544 363
728 504
156 97
247 751
547 230
625 80
398 535
293 637
793 42
522 101
357 224
249 562
453 13
809 465
350 74
760 493
614 504
435 787
111 598
187 46
318 788
500 95
250 201
608 34
54 818
241 428
349 131
723 449
300 585
45 85
29 624
