111111101111111011111111111111111111111111111111111111111111111111111111111111111111111111111111
000100000000000000000000000000000000000000000000000000000000000000000000000000000001000000000000
000000000000000000000000000000000000000000000000000000000000000000000000000000000010000010000000
111111111111111111111111111111111111111111111111111011111111111110111111111111111111111111111111
000000000000000000010000000000000000000000000000000000000000000000000000000000000000000000000010
111111011111110111111111111111111111111111111111111111111111111111111111111111111111111111111111
111111111111111111111111111111111111110111111111111111111111111111111111111111011111111111111111
000000000000000000000000000000000000000000000000001000000000010000000000000000000000000000000000
000000000000000000000000000000000000000001000000000000000000000000100000000000000000000000000000
111111111111111101111101111111111111111111111111111111111111111111111111111111111111111111111111
101111111111011111111111111111111111111111111111111111111111111111111111111111111111111111111111
111111111111111111111111111111111110011111111111111111111111111111111111111111111111111111111111
000000000000000000000000000000000000000000000000000000000000000000000000001000000000010000000000
000000000000000000000000000000000000000000000000000010000000000000000000000000000000000100000000
000000000000000000000000000000100000000000000001000000000000000000000000000000000000000000000000
111111111111111111111111111011111111111111111111111111110111111111111111111111111111111111111111
000000000000000000000000000000000000000000010000000000000000000000000000000000000000000000000100
000000000000000000000000000000000000000000000000000000000000000000000000000000010000000000010000
111111111101111111111111111110111111111111111111111111111111111111111111111111111111111111111111
000000000000000000000000000000000010000000000000000000000000000000000000000000000000000000001000
111111110111111111111111111111111111111111111111111111111111111011111111111111111111111111111111
000000000000000000000000000000000000000000000000000000000010000000000100000000000000000000000000
111111111111111111111111111111111111111101111111111111111111111111110111111111111111111111111111
111111111111111111111111111101111111111111111111111111111111111101111111111111111111111111111111
000000000000000000100000000000000000000000000000000000000000000000000000000000000000001000000000
111111111101111111111111111110111111111111111111111111111111111111111111111111111111011111111111
101111111111011111111111111111111111111111111111111111111111111111111111111111110111111111111111
000000000000000000000000000000100000000000000001000000000000001000000000000000000000000000000000
111111111111111111111111111011111111111111111111111111110011111111111111111111111111111111111111
000000000000000000000000000000000001100000000000000000000000000000000000010000000000000000000000
000000100000001000000000000000000000000000000000000000000000000000000000000010000000000000000000
111111111111111111111111111111111111111111101111111111111111111111111111111111111111111110111011
000000000100000000010000000000000000000000000000000000000000000000000000000000000000000000000010
000000001000000000000000000000000000000000000000000000000000000100000010000000000000000000000000
111111111111111111111111111111111101111111111111111111111111111111111111111111111111111111110110
000000000000000000000000000010000000000000000000100000000000000010000000000000000000000000000000
111111101111101011111111111111111111111111111111111111111111111111111111111111111111111111111111
111011111111111111111111111111111111111111111111111111011111111111111111111111111110111111111111
111111111111111101111101111111101111111111111111111111111111111111111111111111111111111111111111
000000000000000000000000000000001000000001000000000000000000000000100000000000000000000000000000
000000000000000000000000000000000000000000000000000010000001000000000000000000000000000100000000
000000000010000001000000000001000000000000000000000000000000000000000000000000000000100000000000
111111111111111111111111111111011111111111111110111111101111110111111111111111111111111111111111
111111111111111111011111111111111111111101111111111111111111111111110111111111111111110111111111
000000000010000001000000000001000000000000000000000000000000000000000000000100000000100000000000
000000000000000000100000000000000000000010000000000001000000000000001000000000000000001000000000
111111110111111111111111111111111111111111111111111111111111111011111101111111101111111111101111
000000000000000000000000000000001000000001000000000000000010000000100100000000000000000000000000
000000000000000000000000000000000000000000010000000000000000000000000000000000000010000011000100
010000000000100000000000000000000001100000000000000000000000000000000000010000001000000000000000
111111111111111111011110111111111111111101111111111110111111111111110111111111111111110111111111
000000000000000000000000000010000000000000000000100010000001000010000000000000000000000100000000
111111111111111111111111111111111111111111101011111111111111111111111111111111111101111100111011
111111111111111111111111111111110111111110111111110111111101101111011011111111111111111111111111
111111111111111111111111111101111111111111111111011101111110111101111111111110111111111011111111
000000000000000000000000000000001000000001000000001000000010010000100100000000000000000000100000
000000000000000000000000000010000000000000000000110010000001000010000000000001000000000100000000
111111111111111111111111111111110111111110111111110111111101101111011011011111111111111111011111
111111111111111111111111011101111111111111111111001101111110111101111111111110111111111011111111
111111111011111111101111111111111111111111101011111111111111111111111111111111111101111100111001
000000000000000000000000100010000000000100000000110010000001000010000000000001000000000100000000
111111110101111110111111111110111111111111111111111111111111111011111101111011101111011111101111
000000000100000000010000000000000000000000010100000000000000100000000000000000000010000011000110
111111111111111111111111011101111111111011111111001101111110111101111110111110111111111011111111
000000001010000011000010000001010000000000000000000000000000000100000010000100010000100000010000
111111101111101011111111011101111111111011111111001101111110111101111110111110111111111011111111
111111110101111100111101111110101011111111111111111111111111111011111101111011101111011111101111
000000010000010100000000100010000000000100100000110010000001000010000001000001000000000100000000
111110101111101011111111011101111111111011011111001101111110111101111110111110111111111011111111
010000000100100000010000000000000001100000010100000000000000100000000000010000001010000011000110
111110101111101011111111011101111111111011011111001001111110111100111110111110111111111011111111
000001010000010100000000110010000000000100100000110110000001000011000001000001000000000100000000
000001010000010100000000110010000000000100100000110110000001000011000001000001000100000100000000
001001010000010100000000110010000000000100100000110110000001000011000001000001000100000100000000
001001010000010100001000110010000000000100100000110110000001000011000001000001000100000100000000
001001010000010100001000110010100000000100100001110110010001001011000001000001000100000100000000
110110101111101011110011001101011111111011011110001001101110110100111110111110111011111011111111
110110101111101011110011001101011111111011011100001001101110110100111110111110111011111011111111
001001010000010100001100110010100010000100100011110110010001001011000001000001000100000100001001
011001010100110100011100110010100011100100110111110110010001101011000001010001001110000111001111
011101010100110100011100110010100011100100110111110110110001101011000001010001001111000111001111
011101010100110100011100110010100011100100110111110110110001101011010001010001001111000111001111
011101010100110100011100110110100011100100110111110110111101101011010001010001001111000111001111
011101010100110100011100110110100011110100110111110110111101101011010001010001001111000111001111
011101010100110100111101110110100011110110110111110111111101101011011001010001001111001111001111
100010100001001000000000001000001000001001001000001000000010010000100100101010100000010000100000
011101011110110111111111110111110111110110111111110111111101101111011011010101011111101111011111
100010100000001000000000001000001000001001000000001000000010010000100100101010100000010000100000
011101111111111111111111110111110111110110111111110111111101101111011011010111011111101111011111
100010000000000000000000001000000000001000000000000000000000000000000000001000100000010000000000
100010000000000000000000001000000000001000000000000000000000000000000000000000100000000000000000
011101111111111111111111110111111111111111111111111111111111111111111111111111111111111111111111
011101111111111111111111111111111111111111111111111111111111111111111111111111111111111111111111
