2300.85552302
2413.93958302
2513.00799302
2650.06690302
2779.10949302
2850.14660302
2953.15579302
3081.25075302
3209.34571302
3340.38620302
3397.40766302
3510.49172302
3611.53940302
3682.57651302
3810.63509302
3897.66712302
4044.73553302
4115.77264302
4244.81523302
4358.85816302
4489.89865302
4576.93068302
4733.03179302
4880.10020302
5008.19516302
5136.25374302
5223.28577302
5336.36983302
5499.43316302
5614.46010302
5745.50059302
5816.53770302
5945.58029302
6101.68140302
6214.76546302
6271.78692302
6399.84550302
6530.88599302
6633.89518302
6730.94794302
6859.99053302
6947.02256302
7060.10662302
7117.12808302
7218.17576302
7305.20779302
7442.26670302
7570.32528302
7683.40934302
7798.43628302
7984.51559302
8121.57450302
8224.58369302
8323.65210302
8451.74706302
8522.78417302
8623.83185302
8770.90026302
8956.97957302
9120.04290302
9249.08549302
9306.10695302
9437.14744302
9494.16890302
9551.19036302
9737.26967302
9824.30170302
9881.32316302
9996.35010302
10124.408683
10239.435623
10386.504033
10485.572443
10671.651753
10800.694343
10887.726373
10958.763483
11059.811163
11116.832623
11173.854083
11301.912663
11402.960343
11517.003273
11616.071683
11713.124443
11869.225553
12000.266043
12097.318803
12211.361733
12282.398843
12438.499953
12594.601063
12697.610253
12784.642283
