(-15 -12 -7 -4 +6 -8 -13 +2 -14 -9 -10 +11 -1 +3 -5)
(-15 -12 -7 -4 -6 -8 -13 +2 -14 -9 -10 +11 -1 +3 -5)
(-15 -12 +7 -4 -6 -8 -13 +2 -14 -9 -10 +11 -1 +3 -5)
(-15 +7 -4 -6 -8 -13 +2 -14 -9 -10 +11 -1 +3 -5)(-12)
(-15 +7 -4 -6 -8 -13 +2 -14 -9 -10)(+11 -1 +3 -5)(-12)
(-15 +7 -4 -6 -8 -13 +2 -14 -9 -12 -10)(+11 -1 +3 -5)
(-15 +7 -4 -6 -8 +9 +14 -2 +13 -12 -10)(+11 -1 +3 -5)
(-15 +7 -4 -6 -8 +9 +14 -2 -5 +11 -1 +3 +13 -12 -10)
(-15 +7 -4 -6 -8 +9 +14 -2 -5 +11 +3 +13 -12 -10)(-1)
(-15 +7 -4 -6 -8 +9 +11 +3 +13 -12 -10)(+14 -2 -5)(-1)
(-15 +7 -4 -6 -8 +5 +2 -14 +9 +11 +3 +13 -12 -10)(-1)
(-15 +7 -4 -6 -2 -5 +8 -14 +9 +11 +3 +13 -12 -10)(-1)
(-15 +7 -4 -6 -1 -2 -5 +8 -14 +9 +11 +3 +13 -12 -10)
