3215.15480123
3253.73395608
3331.95003372
3344.19739123
3402.05076875
3443.26580123
3629.34511123
3660.60486812
3707.96614504
3788.08739574
3800.76194542
3815.42442123
3872.86647262
3898.81233584
3928.50848123
3967.72903264
4027.57689123
4036.407353
4038.21399981
4105.1983075
4155.67185123
4284.71444123
4313.8922202
4330.23033995
4373.61385483
4383.94287526
4415.75493123
4514.42202076
4520.62415773
4573.0806896
4578.81826123
4677.88667123
4764.91870123
4792.91361123
4847.13330898
4929.97252123
4950.99801123
5044.07927108
5053.7462116
5067.03143123
5114.06134123
5122.10089733
5140.39784702
5155.61554035
5195.09001123
5238.00759384
5241.69190511
5277.12467123
5351.19112123
5374.17743123
5482.23161123
5487.26149123
5569.24757695
5609.24951993
5618.30198123
5629.30002123
5630.89257742
5743.34295123
5765.37039123
5822.39185123
5879.41331123
5890.41136123
6003.49542123
6010.45380123
6045.69210628
6123.53786123
6131.14653088
6140.4629166
6150.56383123
6189.46135558
6202.74850192
6226.54705123
6287.62274123
6297.58416123
6388.67042123
6460.64749123
6464.10717647
6485.20901925
6544.77153123
6575.67443123
6638.64365809
6700.87264123
6703.76939123
6765.22599008
6768.13151175
6803.88183123
6834.80988123
6985.43014022
7020.88919123
7100.01801171
7117.94195123
7137.6807281
7147.6461276
7178.40233997
7195.57572655
7246.00053123
