972
1 2
385 209
350 282
72 467
513 241
315 108
456 346
415 838
569 310
804 713
455 393
232 174
75 24
192 437
288 482
100 331
400 211
27 143
704 856
707 641
932 189
55 97
336 90
11 94
411 434
62 792
338 413
474 954
399 232
75 334
463 329
286 351
52 81
827 290
782 501
706 112
164 116
139 328
106 47
582 887
434 834
339 928
551 671
781 941
13 2
853 103
222 633
934 731
427 1
523 15
557 348
870 271
137 160
568 93
109 969
70 646
324 893
578 677
27 874
53 13
294 414
485 215
154 117
174 112
359 314
268 624
156 102
508 889
626 891
115 5
48 77
54 30
98 16
105 278
130 103
533 9
511 873
910 13
187 265
213 135
695 957
216 130
81 192
843 290
30 31
562 31
19 12
16 15
326 746
205 131
223 453
579 313
147 905
129 14
99 55
580 169
139 101
13 24
223 757
747 502
230 143
919 725
137 81
63 8
122 3
158 134
279 263
212 201
233 28
639 560
840 860
126 182
430 431
491 258
451 110
205 307
902 386
229 208
736 386
679 704
293 128
155 191
340 611
217 162
10 43
467 821
64 525
388 114
238 17
798 865
895 497
65 516
360 484
304 279
573 204
270 239
675 534
672 412
313 332
355 480
303 243
136 313
155 69
4 292
575 80
809 233
823 303
129 965
700 275
127 153
81 277
920 570
180 223
739 41
793 812
82 268
24 638
848 42
323 943
488 852
74 53
547 118
409 721
366 142
692 776
149 27
134 115
653 72
287 383
46 73
708 270
546 198
917 829
257 105
33 915
122 878
312 773
211 60
559 129
394 294
459 411
529 224
805 446
691 402
91 78
28 30
871 587
962 775
161 348
71 53
170 296
37 248
136 375
542 168
263 416
872 301
247 239
560 909
237 37
519 158
8 11
104 105
198 177
243 170
100 447
635 445
201 716
548 515
918 454
180 126
280 669
102 74
1 56
32 586
762 884
295 201
28 250
405 745
584 63
436 360
137 370
19 45
85 602
407 487
33 12
325 396
703 554
571 681
523 550
260 327
113 148
2 517
10 51
488 629
437 465
358 585
857 232
796 493
970 259
389 863
6 2
197 137
135 3
658 396
816 717
258 428
48 221
195 3
114 62
489 16
49 107
926 257
130 208
795 321
68 9
764 666
457 786
406 460
122 688
283 309
770 691
88 49
476 206
280 289
114 347
652 631
120 145
320 378
156 306
101 179
599 836
189 72
620 99
181 186
95 410
323 531
6 801
162 352
514 212
316 498
60 104
541 595
418 454
752 148
622 511
623 292
44 10
163 148
748 453
34 730
305 82
814 460
3 17
84 170
30 311
122 165
927 329
200 158
118 24
458 136
17 258
959 67
5 686
398 165
800 280
425 327
99 781
111 892
100 32
150 518
711 59
26 702
9 275
810 243
803 684
818 716
492 76
82 380
432 171
353 496
861 660
830 134
193 614
132 10
899 14
214 120
387 912
112 82
906 813
40 28
339 924
90 7
169 291
214 402
46 178
847 150
471 171
541 142
38 16
358 520
539 95
438 46
283 23
114 439
208 426
719 379
89 18
744 455
106 377
268 610
530 968
624 740
186 299
765 817
485 938
171 61
390 419
590 885
18 1
609 618
866 554
121 77
687 343
825 495
464 297
894 485
225 252
186 225
440 149
238 379
509 384
475 251
102 722
368 876
76 56
161 530
4 2
373 678
170 412
749 70
269 319
764 822
696 858
386 483
77 323
244 12
46 937
300 226
411 270
543 391
568 621
7 901
480 493
29 511
692 18
159 317
665 172
785 148
23 34
65 357
144 778
601 520
227 608
637 578
86 387
134 322
122 240
219 199
831 528
165 718
435 371
368 604
408 275
36 346
450 674
36 245
162 251
73 960
8 228
279 477
971 699
110 249
500 44
181 696
343 230
274 356
12 61
371 73
325 391
457 92
520 636
145 486
39 536
46 166
436 499
28 9
194 167
616 630
566 632
10 26
640 314
348 421
461 732
880 462
317 913
121 418
683 103
720 323
68 70
48 183
497 117
91 138
85 142
195 273
207 53
162 429
218 152
211 473
56 833
93 69
164 578
23 1
705 791
907 346
556 119
384 129
255 797
288 349
445 144
643 603
497 869
239 154
175 417
276 713
844 600
61 373
94 365
103 126
240 355
86 264
799 585
556 581
386 528
552 350
24 29
120 274
118 606
725 91
761 428
512 351
131 103
119 605
560 129
283 572
599 170
398 808
19 120
194 363
667 290
157 272
481 432
78 12
108 83
142 735
37 46
5 36
296 680
359 590
297 41
790 104
507 393
89 175
204 67
74 147
664 668
662 294
854 950
526 760
45 415
444 234
35 25
1 948
282 44
115 181
582 223
630 952
298 342
882 491
762 220
340 570
737 423
2 8
72 763
826 364
201 515
152 196
599 841
134 201
482 806
123 626
35 146
391 660
125 335
146 693
209 87
820 787
241 144
682 347
28 111
226 73
742 609
904 652
793 811
58 144
48 21
344 7
59 404
225 576
376 371
49 308
28 468
347 731
116 168
546 564
666 178
783 704
583 408
478 188
734 445
41 159
128 642
946 695
341 406
349 888
72 57
60 12
202 290
409 105
31 113
181 285
923 410
128 82
320 71
972 400
203 135
129 152
442 53
101 76
19 157
312 607
55 69
881 320
837 450
387 715
879 125
648 966
204 231
864 605
162 100
781 789
407 293
353 183
625 45
749 767
673 77
784 345
263 26
92 35
406 527
197 544
472 362
44 392
196 592
916 510
47 43
925 607
316 949
36 82
42 6
74 271
502 360
177 598
289 644
676 560
330 835
185 266
521 210
338 494
303 554
199 224
900 649
802 407
246 127
695 668
301 27
367 751
42 79
615 177
341 216
947 575
52 210
279 422
561 339
768 634
493 709
77 133
16 86
185 118
40 177
261 258
595 849
86 187
316 963
79 710
182 522
563 362
260 161
313 314
236 284
832 484
330 338
940 441
169 31
788 8
828 804
490 103
798 568
364 270
314 508
549 377
766 145
75 829
283 381
811 883
267 241
859 590
526 436
172 11
714 729
10 141
110 35
345 845
782 945
410 663
339 102
173 395
506 175
25 64
880 931
534 449
921 117
492 961
8 10
312 423
329 14
179 571
723 607
41 4
779 397
21 96
316 66
374 244
905 955
93 389
184 89
4 340
92 109
67 26
903 219
222 165
337 111
325 172
21 18
810 897
123 94
958 556
935 618
645 361
186 393
37 50
649 625
295 759
908 114
151 91
505 490
694 564
204 685
443 86
3 103
334 591
877 838
12 5
385 944
7 4
332 628
420 176
58 7
17 321
896 259
25 16
91 382
107 116
17 52
479 475
388 771
127 20
296 875
182 898
136 430
22 32
42 697
190 162
59 9
33 80
278 654
4 405
627 381
503 83
826 890
19 354
360 19
475 524
368 154
95 22
199 117
254 138
408 641
423 504
553 57
489 867
401 14
57 84
721 777
787 292
309 333
271 551
855 57
774 77
655 605
382 793
474 134
65 60
115 772
83 41
6 242
526 567
281 235
358 108
635 815
451 933
568 650
24 235
253 242
9 202
717 545
39 276
226 862
65 193
390 245
27 846
298 179
22 6
56 684
540 519
681 922
724 664
137 813
450 466
565 64
651 575
648 420
705 459
279 850
382 956
265 312
1 3
204 951
222 840
361 49
228 288
37 34
231 545
701 743
287 18
728 733
13 49
600 259
39 34
577 714
395 469
150 173
148 424
631 315
620 657
566 187
689 372
661 313
842 273
29 532
929 908
445 819
964 940
510 178
612 362
503 701
613 540
167 44
179 452
558 226
495 318
428 535
9 7
942 244
483 953
24 727
263 656
589 104
619 463
111 330
450 417
124 36
105 117
363 769
775 559
39 501
225 259
491 594
936 725
284 587
441 104
3 5
705 807
220 197
324 147
87 32
753 219
854 403
714 839
886 287
286 577
343 446
237 286
758 85
574 33
326 100
20 19
357 367
699 482
4 14
219 255
610 670
40 62
193 794
15 2
535 664
17 750
807 851
175 609
3 136
206 470
593 368
824 244
236 98
302 287
728 118
368 538
49 215
403 373
596 259
280 261
15 712
236 738
188 161
616 529
440 911
603 335
209 433
540 634
449 2
6 119
726 33
161 136
77 85
639 698
537 499
325 617
497 914
27 23
55 31
176 134
66 59
484 555
152 362
150 294
741 438
