1000 9890
232 57
603 474
161 99
437 406
479 783
890 674
487 53
910 719
548 728
273 762
212 170
158 483
952 432
860 713
420 718
973 294
556 722
986 514
133 175
869 661
782 308
730 237
872 388
490 436
365 182
9 297
284 188
550 131
394 478
296 338
379 784
117 678
27 194
134 350
504 533
764 371
468 944
568 478
677 260
201 731
844 315
520 65
325 890
587 27
861 600
992 681
160 805
79 655
886 53
634 210
845 495
141 88
490 714
752 41
713 671
274 571
918 368
900 283
558 987
102 503
585 927
892 781
783 590
332 596
328 63
104 189
323 516
770 181
128 534
296 716
150 187
997 588
158 726
71 863
348 224
150 298
48 236
983 926
654 874
662 177
77 367
168 533
742 345
564 839
305 364
772 884
537 9
629 947
189 774
441 650
44 15
764 926
157 296
489 360
570 67
366 230
292 795
547 551
410 784
285 388
103 701
612 681
6 486
603 38
402 883
350 581
595 714
281 662
29 48
801 95
33 53
330 529
959 186
545 82
322 173
260 395
725 345
640 761
551 493
629 164
539 493
526 789
799 179
621 105
693 860
181 568
900 74
374 27
154 295
144 785
273 179
147 614
28 419
966 217
291 851
539 484
499 532
460 822
83 469
676 326
18 536
133 83
520 810
499 645
795 368
559 395
173 188
799 408
866 435
280 702
667 826
927 484
13 356
804 113
951 482
40 286
24 643
701 727
353 841
542 709
690 328
840 293
768 514
197 872
611 435
572 868
974 176
816 318
894 75
950 169
408 214
832 520
375 594
862 884
43 284
48 502
159 450
168 815
266 682
929 204
983 113
197 684
592 642
350 662
647 318
426 206
134 151
817 535
232 113
655 641
123 132
57 106
898 880
42 510
760 551
246 630
52 171
164 813
238 154
546 282
247 88
32 407
161 373
492 353
437 176
755 413
601 775
142 79
520 315
702 7
246 387
446 705
178 931
164 275
259 446
188 264
243 975
317 108
502 168
109 778
917 813
611 88
190 597
967 391
382 957
678 254
511 27
705 188
889 463
620 705
356 820
969 359
697 976
883 745
738 60
634 125
987 839
58 561
166 652
615 585
351 640
338 225
452 873
435 605
681 341
166 799
743 19
563 857
572 921
203 626
222 518
461 886
742 457
944 272
470 524
452 15
537 423
955 112
439 771
577 934
139 79
12 471
334 534
470 639
72 58
858 337
229 460
546 286
158 968
655 710
732 501
327 947
113 611
628 134
724 657
138 28
233 922
16 688
294 395
955 463
617 60
265 151
463 798
228 172
798 988
349 837
264 857
974 363
346 86
584 258
53 65
294 373
207 956
707 476
311 798
594 634
574 780
570 147
312 931
996 140
369 150
77 605
411 937
125 689
56 424
143 224
544 461
339 571
925 704
434 221
479 893
181 624
700 704
863 116
831 232
460 521
208 562
269 237
680 684
308 629
293 231
100 759
446 991
909 477
622 596
110 22
257 542
419 879
95 461
667 196
213 530
841 217
573 242
6 669
795 312
177 782
83 122
246 598
943 992
148 454
884 840
7 381
85 348
528 44
876 468
914 825
478 648
194 695
177 419
106 91
456 102
749 987
387 984
266 859
391 896
528 202
662 261
840 442
777 765
604 236
841 742
219 54
38 718
366 203
150 728
104 213
341 535
489 284
508 40
915 984
353 778
94 817
675 286
228 191
194 891
105 332
358 558
272 837
469 809
721 106
280 336
911 189
971 494
529 783
560 263
218 151
293 327
129 750
223 154
995 373
32 479
582 222
915 404
902 626
355 99
910 409
807 819
460 478
853 81
356 543
401 8
790 610
312 669
669 703
47 127
863 249
166 411
919 187
374 478
623 793
899 55
3 10
350 343
260 635
600 78
32 522
162 953
126 510
453 86
734 249
611 846
758 227
998 964
54 762
554 530
25 480
979 99
176 852
374 619
568 906
148 474
115 873
775 719
325 334
372 239
120 973
881 883
817 101
370 504
499 228
121 538
345 654
436 755
493 510
42 598
79 401
745 173
140 571
604 240
552 587
738 778
78 219
264 563
543 375
323 208
627 62
850 739
462 549
734 903
928 633
565 892
68 676
531 708
91 205
717 17
673 171
837 904
894 635
290 733
937 947
147 60
830 451
868 18
778 358
372 833
234 878
473 46
290 588
882 946
275 224
722 715
136 186
856 745
428 834
592 227
151 994
928 37
30 933
861 665
991 10
62 282
587 425
454 224
369 952
101 911
946 264
190 599
985 214
866 83
95 359
596 312
819 91
841 439
330 180
495 722
248 277
822 953
70 178
809 290
387 340
69 122
357 959
174 223
841 98
254 9
356 666
277 222
392 936
780 203
742 189
656 441
681 538
693 263
499 83
379 697
909 570
859 755
337 237
605 931
660 375
451 737
546 362
228 181
56 994
954 903
622 550
9 492
4 454
38 791
858 347
418 328
458 877
167 71
650 111
211 771
251 830
59 484
143 238
271 37
897 414
958 801
259 230
787 443
610 746
437 382
555 55
242 230
668 462
541 120
297 457
754 141
972 84
241 38
169 769
92 323
869 684
668 541
806 215
937 260
701 483
973 638
920 630
658 470
142 255
236 238
271 409
353 542
170 268
333 880
355 264
621 221
490 609
734 260
455 285
745 197
150 961
343 860
392 293
274 753
665 626
144 141
456 655
865 309
296 984
574 399
867 387
693 217
1000 864
841 224
663 111
671 672
304 338
36 105
439 124
888 471
579 251
976 755
227 879
214 663
989 319
701 619
339 406
680 442
572 760
849 293
483 739
263 225
741 930
12 423
971 790
932 528
827 298
721 867
559 851
447 21
86 703
470 862
676 541
437 15
64 101
988 654
493 232
220 544
683 440
332 170
372 667
235 619
319 956
524 933
12 788
640 303
473 324
789 700
5 237
427 526
579 8
156 335
88 557
521 135
833 405
490 769
86 123
783 3
424 714
350 828
728 492
14 119
425 20
118 187
924 106
339 570
854 239
164 439
203 411
421 32
834 283
145 38
329 321
749 788
631 793
810 975
429 887
72 524
880 163
903 531
962 886
157 877
174 53
726 614
31 852
490 502
696 27
457 199
921 336
297 558
896 658
509 299
827 138
439 64
910 116
717 955
896 360
222 739
206 228
723 58
262 330
963 491
177 418
324 23
953 577
723 427
177 307
296 334
642 863
87 744
3 651
860 54
428 132
451 61
113 526
747 466
846 86
538 655
208 294
869 223
228 809
637 83
108 775
695 375
682 562
954 959
994 864
613 218
851 557
195 433
217 649
803 654
327 692
432 136
354 626
22 962
739 44
902 849
483 219
29 219
910 380
323 418
271 130
882 400
569 175
899 634
960 636
924 223
339 617
431 441
126 803
930 616
624 824
575 679
443 693
621 165
783 426
787 943
274 678
57 718
923 63
173 436
361 135
598 383
670 792
430 477
217 400
183 767
139 637
443 744
362 270
344 781
117 24
889 119
301 417
140 97
468 374
532 959
774 171
154 133
715 620
440 810
274 874
875 866
465 442
263 11
489 76
107 653
435 946
220 420
647 161
79 483
945 961
983 777
489 477
343 430
458 916
63 831
210 289
512 347
664 134
721 939
298 652
523 125
12 766
147 353
829 837
132 523
703 864
95 652
761 992
775 432
669 173
330 543
5 37
940 384
483 247
191 270
267 758
843 855
740 469
759 475
100 884
392 5
896 826
507 858
94 366
878 254
613 690
150 64
730 382
415 952
326 269
776 122
669 785
943 502
14 478
847 287
723 600
351 891
135 702
479 321
856 439
303 900
251 447
667 141
771 334
840 546
866 80
596 313
178 110
810 635
795 782
448 808
876 232
128 726
40 905
957 361
423 112
64 504
11 675
412 802
987 746
648 991
210 961
525 438
693 820
657 262
922 8
923 583
512 537
395 447
34 341
200 85
867 578
534 430
737 274
525 745
399 460
384 59
292 668
665 478
3 707
388 595
315 725
542 884
466 923
381 741
859 912
474 446
989 621
958 964
82 715
157 187
899 376
911 21
114 248
24 240
206 664
691 888
625 660
751 900
219 287
293 572
864 616
243 405
68 552
126 24
920 857
80 214
284 448
626 65
903 383
627 680
976 400
816 431
264 108
748 940
89 217
877 80
586 236
787 152
915 463
738 390
86 318
179 456
633 517
869 909
563 366
251 490
770 556
383 249
347 959
477 868
593 955
559 218
386 460
355 408
528 518
331 483
776 372
649 970
148 718
184 767
533 809
526 307
914 561
213 13
461 530
499 355
45 851
361 646
805 809
616 928
568 835
951 165
76 830
480 483
281 246
559 655
926 646
906 952
736 907
427 829
279 692
963 415
508 288
181 454
879 275
257 414
280 41
870 498
195 182
840 33
695 253
487 558
385 370
370 144
996 428
670 637
927 798
470 863
717 502
720 422
957 815
86 815
858 316
702 485
243 448
601 726
138 892
91 820
117 828
190 168
872 31
686 725
275 170
369 59
631 295
981 788
765 701
969 884
489 866
588 218
97 657
846 678
501 447
628 162
491 377
806 240
865 660
766 82
914 81
109 859
735 59
147 706
982 674
26 433
220 282
118 43
834 280
341 376
493 589
386 777
957 94
26 288
246 143
213 830
933 469
3 16
634 178
726 756
93 639
966 39
470 829
41 548
918 474
140 126
605 366
736 483
301 461
866 749
249 725
569 822
213 937
709 242
324 16
220 449
958 723
225 445
63 949
46 701
72 88
219 155
970 625
441 133
12 736
903 103
651 22
935 471
341 676
949 805
932 565
536 374
699 770
818 924
688 17
543 413
323 246
896 78
458 851
682 524
741 20
941 611
138 784
820 852
777 784
270 301
458 565
117 95
96 650
821 174
220 811
294 230
226 680
62 2
389 818
449 79
198 578
455 49
26 755
136 111
531 737
621 386
749 77
677 432
47 697
991 16
78 859
563 912
778 565
294 851
634 433
111 283
83 429
383 177
772 186
683 513
288 503
202 69
80 873
896 849
738 226
406 202
268 47
927 325
235 164
625 540
443 51
672 587
430 815
433 121
136 998
418 783
590 585
610 283
245 756
598 824
90 695
16 830
568 891
219 985
612 784
295 548
432 14
654 873
680 484
479 680
480 282
67 298
530 942
747 444
492 303
838 832
458 917
292 633
955 299
206 995
44 10
390 26
38 744
310 845
41 559
75 965
234 571
987 107
471 442
518 177
276 836
918 767
744 356
835 79
410 910
267 523
307 614
180 280
755 356
169 521
812 293
570 787
844 150
310 542
739 952
710 963
636 16
32 398
251 114
55 849
531 932
874 935
545 192
144 743
678 868
455 21
352 794
591 985
743 838
824 915
695 911
69 548
364 96
493 644
335 353
355 383
653 828
321 819
179 141
752 249
572 332
203 307
79 876
939 647
47 386
675 941
787 571
283 744
822 959
3 249
760 434
740 840
375 334
732 936
655 424
542 697
944 664
926 536
13 353
291 3
176 75
743 121
395 33
567 143
757 301
650 553
577 991
962 839
972 308
395 446
91 367
185 998
223 890
671 2
51 909
361 229
163 827
536 319
185 855
167 867
538 853
745 162
7 250
509 327
674 405
358 650
202 878
42 731
495 487
152 439
405 971
815 836
63 163
854 682
584 410
547 878
492 559
561 958
548 293
825 899
695 559
739 583
167 214
775 407
726 323
29 17
56 177
667 708
274 260
778 280
63 278
839 369
950 522
393 737
482 454
677 487
255 719
296 414
339 544
584 933
839 407
643 440
990 769
256 832
182 783
122 3
840 938
75 313
216 68
235 800
201 656
757 939
278 380
745 979
620 727
122 114
88 62
586 261
663 139
886 112
409 364
806 457
467 162
383 478
350 301
886 483
503 849
932 207
400 936
24 964
405 329
676 244
862 283
40 366
760 317
193 656
824 986
110 763
292 844
145 431
129 57
239 322
538 919
138 313
637 363
304 1
432 214
744 582
956 913
480 706
667 726
394 30
512 661
819 787
91 504
43 381
393 862
621 968
214 486
362 573
401 699
219 92
402 660
384 951
445 530
3 902
565 769
307 561
485 301
55 611
60 847
149 490
777 817
6 429
764 167
341 850
149 629
309 244
347 417
510 815
350 512
522 967
527 362
51 421
199 293
644 438
493 8
612 66
890 620
449 98
89 139
752 581
159 999
950 534
665 687
920 549
596 702
817 867
382 659
117 718
541 380
246 482
785 149
56 282
113 287
244 711
526 67
251 393
580 904
924 266
304 643
822 903
31 961
13 118
145 326
19 733
962 382
26 195
615 775
463 42
467 47
25 265
740 768
762 312
49 435
966 454
733 457
238 131
656 784
672 927
326 560
872 898
524 59
822 304
471 194
733 235
171 654
2 8
306 663
988 991
201 443
992 410
556 251
538 794
996 498
427 937
718 99
976 910
43 345
445 854
506 981
146 610
203 543
836 11
963 41
194 233
46 894
12 826
515 327
416 2
180 91
471 612
330 584
702 224
485 664
821 222
94 368
441 546
780 209
613 668
284 184
622 413
104 336
848 803
28 181
356 538
196 823
964 857
860 922
365 468
189 102
360 748
350 459
825 950
156 640
784 729
892 666
17 320
314 79
705 377
504 870
673 327
476 661
46 34
242 615
254 385
36 92
757 54
500 1
528 508
913 694
718 387
336 909
742 261
482 647
306 601
914 792
185 600
756 225
478 875
484 492
494 999
141 617
609 449
867 921
727 401
750 951
31 398
611 466
641 385
205 391
977 438
33 382
345 572
552 590
579 279
172 48
817 414
198 995
90 232
856 863
357 318
768 21
241 221
61 554
704 935
122 552
998 569
52 211
934 273
916 260
720 141
708 495
78 619
280 478
946 707
32 399
620 377
327 440
285 961
947 727
289 385
21 437
707 357
660 266
579 992
618 774
472 100
238 406
790 658
520 402
248 715
212 366
530 55
490 520
87 702
744 735
156 886
947 98
344 205
145 492
862 175
204 585
465 847
155 183
826 897
148 820
774 928
728 994
841 261
805 162
383 394
480 251
903 597
192 303
121 255
372 545
948 670
165 596
487 789
870 795
698 984
476 30
885 374
248 101
581 109
909 934
699 510
332 858
582 914
520 667
650 726
462 72
229 323
853 889
785 745
383 974
628 344
808 359
362 695
741 329
3 913
229 37
301 984
234 397
362 710
881 638
594 413
603 489
509 646
684 174
675 550
552 840
702 350
228 449
854 373
947 533
203 773
78 583
778 281
907 631
51 505
215 698
131 433
77 693
502 898
957 540
415 777
87 636
8 19
853 165
835 614
13 798
152 356
290 817
795 400
938 869
80 389
361 840
87 834
537 845
807 581
39 991
904 956
541 441
212 497
909 437
307 479
629 352
757 859
579 651
799 602
252 865
973 176
331 765
653 1
191 966
395 785
782 735
343 959
749 600
255 147
260 695
577 751
615 883
211 25
214 968
107 408
35 199
951 429
510 39
577 664
366 614
115 802
651 270
240 540
896 471
664 947
846 351
776 769
923 722
945 958
230 128
177 276
741 284
390 80
727 345
216 937
644 605
968 120
163 982
658 635
149 279
99 980
975 344
228 816
907 632
216 856
416 426
536 395
419 561
459 460
81 82
945 745
825 947
772 622
774 20
133 916
81 483
869 410
237 224
552 804
789 697
938 261
649 334
320 724
599 214
69 935
894 950
756 947
649 479
189 270
69 840
588 212
492 321
365 205
807 954
96 974
714 474
998 803
895 589
933 864
596 558
612 214
1000 643
306 974
787 807
757 541
730 423
255 448
94 70
406 450
300 705
981 342
231 347
821 701
383 108
773 570
80 655
583 151
976 666
589 982
678 361
891 550
141 273
184 780
836 576
305 8
161 677
662 76
97 430
626 701
667 998
390 643
512 933
250 631
93 986
828 275
644 182
978 384
228 615
493 776
139 30
699 38
862 534
577 902
872 530
983 870
505 931
81 880
348 319
280 7
278 534
11 169
146 976
817 132
186 433
115 461
724 689
263 343
780 579
674 474
197 735
401 44
184 460
704 813
579 459
301 689
363 852
234 596
807 235
943 385
795 739
759 722
603 78
877 867
878 68
570 893
458 563
419 779
4 891
480 811
262 695
835 371
30 659
712 454
878 55
271 143
939 209
118 504
490 883
160 731
218 258
95 984
687 644
299 719
193 64
912 754
19 316
203 43
468 90
122 201
69 590
661 870
499 993
795 220
355 325
156 786
692 844
978 913
939 669
157 263
236 471
972 631
980 54
212 152
35 417
679 676
404 618
975 253
23 192
45 776
56 998
925 994
490 489
349 434
758 790
425 578
465 669
852 479
267 355
175 618
731 831
193 863
949 756
885 258
153 505
928 945
301 209
504 291
858 702
423 322
195 227
470 955
441 167
975 678
776 936
779 123
817 268
965 412
181 173
509 880
241 498
917 217
82 738
341 567
358 639
494 15
21 645
573 952
688 142
636 332
950 258
631 459
744 245
191 186
48 700
506 712
158 433
208 112
863 756
320 540
925 497
752 575
825 197
836 744
962 118
411 996
786 168
56 501
442 914
155 507
568 16
787 238
570 738
97 584
60 436
744 689
377 296
801 414
681 160
113 294
761 402
245 225
240 699
5 875
335 4
601 283
698 647
770 792
311 184
386 17
230 296
31 809
54 730
537 684
274 826
24 537
577 691
750 504
961 782
961 540
457 877
742 294
157 628
215 418
107 733
129 467
883 332
385 73
893 827
594 953
607 809
132 805
670 295
23 680
620 676
912 967
2 613
332 988
3 708
580 202
102 818
397 792
207 464
534 655
152 441
996 282
689 374
485 283
582 763
62 18
215 855
762 428
719 116
385 877
824 966
218 216
238 159
460 173
778 262
820 189
731 362
553 542
591 782
981 963
812 553
544 311
51 361
695 810
553 687
187 889
518 735
48 789
692 230
86 317
454 177
476 665
478 59
960 726
613 548
460 901
984 220
69 518
985 133
198 170
329 425
917 808
937 42
539 234
260 793
887 66
924 288
567 696
415 703
877 256
507 891
628 954
166 423
101 774
908 876
640 774
351 377
353 29
743 296
804 444
951 319
461 527
978 379
481 177
874 312
339 489
509 259
92 493
129 285
850 321
408 468
372 221
89 805
257 241
483 777
197 23
164 626
425 7
167 547
371 124
723 403
263 76
766 87
716 888
953 410
76 543
150 582
816 174
792 672
727 344
345 714
975 316
381 156
868 658
501 983
214 484
345 635
73 548
440 289
328 956
555 361
39 88
846 792
738 929
741 78
800 624
48 757
581 533
752 665
367 1
517 829
475 662
777 128
171 241
816 746
29 243
289 366
527 212
612 76
946 648
383 929
195 644
644 327
167 474
333 558
164 494
786 240
736 971
990 848
131 317
593 762
475 77
484 573
257 306
929 664
218 577
313 691
152 879
240 920
779 480
406 451
563 252
175 130
839 155
999 849
433 368
625 484
757 175
562 399
118 86
141 272
714 82
6 662
577 714
814 9
700 240
793 786
560 515
814 120
671 785
983 515
417 550
344 706
533 976
770 482
76 861
375 755
727 542
504 264
125 488
571 242
220 476
239 352
43 445
279 156
363 934
139 110
965 278
713 325
971 857
76 515
457 519
704 512
101 208
637 510
177 640
534 708
537 160
681 91
349 898
834 610
500 530
780 636
822 195
309 52
437 111
744 267
375 823
581 632
38 941
955 607
138 799
731 436
643 822
937 533
494 338
556 825
351 335
3 976
927 674
221 847
518 389
482 285
464 752
467 691
735 378
22 755
494 428
497 376
425 235
65 156
429 659
586 118
232 100
312 819
611 441
995 86
833 151
981 23
378 60
595 602
424 444
596 434
943 79
766 870
843 235
57 722
278 314
620 479
567 949
677 96
631 761
904 384
586 426
897 525
280 569
540 431
447 951
93 27
700 37
205 577
616 876
157 766
123 812
895 410
510 124
348 79
258 355
921 161
14 860
698 949
980 250
315 495
79 382
357 888
893 790
475 415
371 52
922 428
409 791
138 511
660 344
944 59
157 290
105 241
509 783
812 2
10 520
894 642
589 240
955 522
668 705
665 972
545 359
454 654
436 909
846 848
134 316
212 948
873 790
177 799
521 370
208 947
961 363
545 84
769 620
536 785
665 947
354 372
537 313
137 202
873 560
178 550
696 87
215 513
10 518
624 435
351 65
143 453
144 617
695 824
456 811
436 449
38 405
354 86
62 287
672 63
639 515
625 241
18 993
130 679
1000 619
892 585
415 730
696 292
92 629
143 619
611 179
575 596
335 275
287 412
749 737
52 567
236 308
538 506
724 481
874 434
843 501
738 133
244 846
653 108
837 223
309 918
651 407
83 57
547 326
908 362
694 491
382 71
239 442
884 909
97 469
962 979
28 893
158 820
229 358
371 99
690 725
859 758
150 392
224 847
867 951
483 714
466 772
803 415
915 569
578 901
595 801
780 949
105 237
358 649
270 607
641 89
769 396
883 26
423 71
63 172
881 717
791 687
445 636
548 655
25 879
551 216
387 782
274 278
940 465
890 740
949 429
181 979
220 895
575 39
62 78
599 189
985 377
273 853
662 594
521 255
460 317
482 453
800 930
947 821
368 420
764 905
596 532
282 604
485 815
271 484
511 803
368 51
752 886
593 558
978 820
722 970
339 658
601 43
235 805
377 320
203 323
757 936
973 859
155 228
874 756
585 639
197 353
258 231
374 283
892 732
16 445
878 923
58 584
701 930
95 471
695 304
178 481
126 315
549 761
218 942
771 438
278 972
102 256
139 278
802 714
253 940
292 248
95 366
118 574
267 426
529 787
112 579
828 265
7 420
693 645
710 877
859 677
491 537
755 884
202 604
794 312
318 602
45 130
582 427
73 713
291 286
367 491
793 192
941 456
306 833
561 253
11 284
285 469
983 162
931 479
146 637
984 456
57 430
111 103
494 85
208 206
775 214
393 940
204 380
698 417
20 149
204 410
59 633
388 849
426 172
308 136
9 950
167 247
123 971
579 15
813 170
356 7
555 22
462 768
229 539
947 736
142 898
75 493
41 301
65 183
304 969
265 341
194 469
251 172
71 121
769 965
682 46
497 300
673 230
182 529
360 612
38 477
94 945
203 956
415 525
829 960
18 809
330 23
79 688
156 703
965 703
898 159
496 322
525 99
909 40
199 648
212 245
770 193
2 119
918 73
757 95
505 726
738 316
956 363
611 647
940 823
288 69
896 437
336 706
103 39
125 88
148 145
44 34
48 37
141 804
56 560
241 468
913 689
646 771
341 529
253 357
471 402
893 188
556 20
722 300
992 214
872 321
229 204
926 162
622 365
16 130
109 358
769 120
924 903
823 137
263 631
46 893
795 539
736 273
894 577
570 891
848 105
649 360
15 783
420 757
890 399
1000 451
144 767
569 178
553 597
554 422
455 78
367 673
99 31
961 424
29 504
892 320
363 402
143 368
716 150
311 658
493 779
939 526
613 635
959 579
179 181
550 100
240 901
94 32
866 73
316 106
646 470
253 641
588 702
594 703
601 317
822 983
165 812
525 60
653 71
379 964
875 59
527 594
40 978
831 796
316 319
652 129
31 196
982 876
605 255
879 512
587 298
314 968
6 514
889 852
905 991
12 183
489 166
850 153
758 566
870 92
361 124
881 885
167 746
793 5
784 326
788 278
668 828
447 475
964 183
149 333
436 534
64 891
428 500
216 786
142 574
241 321
539 934
96 588
722 272
946 924
217 744
640 522
388 809
172 896
659 366
368 793
778 352
394 617
161 354
676 659
556 685
445 170
450 768
821 831
75 437
312 865
158 63
186 774
708 647
870 388
454 843
331 156
776 127
388 365
856 269
620 286
30 830
126 723
145 80
960 332
956 888
98 80
136 365
691 509
729 178
32 846
531 356
614 727
445 366
763 479
400 49
339 68
184 855
956 205
405 305
600 223
684 583
480 109
175 520
949 677
417 636
325 411
97 468
261 675
961 643
102 71
122 433
571 204
954 316
97 325
603 607
784 275
91 355
897 980
112 774
21 84
7 97
971 864
186 388
3 710
268 410
873 70
512 316
531 520
803 367
290 422
272 741
59 751
943 137
690 903
822 136
181 48
205 138
269 942
753 394
147 241
556 883
668 597
835 188
265 907
378 433
566 316
289 320
678 730
40 730
919 708
99 377
228 339
998 683
179 305
713 809
165 334
38 212
186 939
726 33
769 335
717 330
216 298
623 924
909 159
682 75
685 728
204 827
230 831
891 979
626 348
312 748
956 685
518 620
191 997
161 985
291 534
199 897
304 667
839 177
198 59
515 775
919 249
619 843
359 460
680 981
936 127
574 433
689 921
908 253
430 137
770 250
644 711
146 365
16 92
71 766
220 228
862 287
990 464
978 264
214 830
306 397
861 93
681 751
352 404
119 887
156 54
50 902
859 676
897 903
805 566
864 94
96 200
904 555
818 387
508 317
419 468
99 840
394 26
140 618
551 520
293 872
529 834
81 198
464 202
962 585
341 636
108 793
34 84
706 804
458 824
884 323
77 18
461 179
871 616
461 260
802 448
897 508
376 100
100 43
265 122
69 932
394 606
90 449
471 604
478 711
942 872
869 377
52 5
604 762
795 983
531 423
687 749
907 997
583 844
89 56
358 41
881 52
251 284
198 261
697 682
346 568
972 340
98 169
190 745
191 688
360 756
164 268
64 232
597 50
320 2
670 806
784 753
913 19
307 316
880 74
258 200
296 43
648 320
244 993
83 293
746 559
321 616
830 61
386 36
39 802
510 78
619 196
470 557
231 58
474 797
71 589
857 616
676 20
552 26
366 662
737 2
241 747
741 970
373 470
466 24
659 955
676 123
469 995
254 75
275 962
2 918
387 944
135 214
104 528
34 295
58 417
634 604
175 806
716 926
533 176
510 435
183 379
837 697
59 841
979 648
319 363
711 917
374 861
517 748
292 721
977 479
650 463
29 770
530 873
124 384
17 826
453 866
756 333
400 312
156 395
780 717
626 849
590 204
25 532
781 777
167 154
649 367
190 73
808 776
670 326
964 679
569 611
398 5
271 313
865 858
41 264
911 969
113 174
900 995
717 571
919 133
88 75
678 190
22 834
667 411
431 176
380 934
421 288
204 688
47 346
840 708
162 944
910 978
145 294
921 389
353 91
524 870
317 992
709 302
231 94
595 459
120 937
84 844
158 591
468 483
969 2
291 106
761 383
121 449
323 669
159 35
714 342
111 730
462 112
135 58
802 981
36 397
556 324
208 474
371 54
506 89
72 121
310 215
297 968
48 450
620 722
767 525
436 873
190 440
899 19
484 93
945 677
674 509
521 406
833 644
461 379
686 652
312 149
424 975
481 802
9 219
318 431
136 581
52 223
146 356
497 56
939 161
359 918
103 1000
592 75
367 599
66 190
269 507
324 890
952 195
829 259
522 765
523 652
999 727
530 160
804 967
731 545
588 110
902 736
55 956
305 568
468 988
550 54
791 824
260 800
580 957
875 363
87 726
753 779
796 769
834 460
728 119
52 249
839 861
344 946
554 991
701 924
403 841
80 842
616 684
102 395
728 998
417 785
951 724
594 563
408 588
232 880
784 999
568 574
932 39
44 423
581 216
995 491
257 234
644 514
940 873
513 473
714 330
936 960
386 417
646 144
63 635
854 850
945 918
999 351
379 702
399 421
996 551
742 7
814 656
319 338
581 907
129 242
82 306
488 229
90 857
128 54
534 642
771 716
242 940
404 419
9 277
747 701
824 494
253 300
237 871
424 796
229 771
51 735
237 248
772 517
221 938
648 523
42 486
616 99
800 710
963 882
935 200
21 632
939 141
303 354
269 398
273 843
551 56
511 719
131 437
61 812
707 649
730 173
714 534
217 22
569 233
878 349
811 356
596 534
874 976
40 575
792 695
226 79
136 443
709 930
191 671
947 981
752 139
138 337
40 791
408 795
559 224
999 985
411 144
406 530
469 394
412 394
40 166
538 429
994 59
870 590
905 602
31 1000
838 488
861 777
952 539
313 528
278 83
649 605
779 538
283 715
319 515
736 477
199 567
958 480
349 70
595 274
192 271
102 262
508 745
839 615
1 303
220 213
370 710
758 861
525 468
750 861
932 426
222 526
997 652
245 695
746 908
249 684
742 645
675 392
589 626
93 867
690 759
272 548
44 56
232 296
31 322
533 12
963 362
205 75
1000 736
745 110
798 224
671 370
712 97
16 680
459 448
483 711
746 320
160 931
177 635
715 990
271 913
898 701
848 496
694 851
882 19
722 952
708 939
86 3
665 500
40 695
743 935
198 600
554 448
702 88
748 910
344 508
456 790
791 642
995 63
410 665
873 671
947 896
531 193
204 943
667 257
481 278
298 420
504 625
675 778
431 128
299 963
21 486
313 801
89 330
588 660
496 324
227 756
69 281
487 62
804 684
128 741
77 89
336 888
79 976
960 66
429 129
127 996
314 835
685 464
407 718
755 564
554 713
353 792
118 536
832 189
822 666
957 909
564 965
114 133
974 240
794 282
559 542
451 149
859 816
515 476
129 137
871 937
231 590
713 475
162 51
632 229
320 999
500 541
432 981
414 197
401 666
458 861
994 891
21 365
370 1
426 255
963 44
431 514
877 718
312 250
108 217
28 452
377 980
319 985
267 626
397 575
74 924
864 534
627 449
226 563
206 581
56 110
436 959
614 627
990 672
960 627
703 261
317 458
389 845
913 323
424 272
278 479
597 243
669 774
830 331
140 468
86 376
786 98
400 297
809 899
701 149
938 825
84 137
108 119
990 109
746 660
84 248
467 240
875 287
378 797
53 771
827 592
558 992
830 581
993 498
329 64
331 574
371 509
334 755
460 922
173 335
671 720
50 154
123 944
37 480
455 913
791 219
832 1000
634 300
376 20
326 902
763 881
110 692
480 417
780 174
723 332
449 967
125 122
272 620
989 401
148 183
173 936
278 566
543 494
361 156
569 679
879 454
348 398
426 320
120 469
450 346
967 675
147 358
845 689
332 154
354 702
438 201
47 641
907 352
466 720
177 899
792 224
144 62
703 970
685 555
670 129
838 807
51 627
934 266
958 156
906 315
214 124
363 594
294 40
425 187
905 97
65 204
626 413
368 443
97 723
648 221
852 613
445 25
787 242
807 719
991 114
648 172
730 488
455 305
210 628
173 512
856 446
361 992
303 909
587 62
539 179
387 446
649 983
249 91
691 108
857 788
547 229
408 187
791 25
313 970
540 287
362 365
301 510
474 731
567 999
969 428
663 432
723 157
245 289
563 836
430 845
253 886
749 913
494 91
59 975
991 980
188 903
745 454
62 952
301 160
140 866
966 658
605 114
93 798
955 111
366 937
439 935
174 492
525 627
508 249
589 256
646 969
7 769
733 771
676 624
203 986
630 967
522 633
812 368
526 642
693 147
588 463
648 524
385 698
859 771
595 753
734 291
661 486
995 292
228 861
235 814
217 996
390 68
473 18
773 13
830 946
502 903
557 887
83 956
778 612
672 239
85 22
469 183
566 719
135 478
735 204
424 488
153 686
433 622
252 920
165 63
41 97
832 276
26 471
911 550
296 49
633 872
316 44
652 406
452 700
155 810
170 953
503 815
767 418
10 677
871 448
719 188
500 70
338 105
28 813
839 759
509 240
663 325
187 116
104 566
301 132
508 456
552 350
214 542
107 586
93 659
953 271
995 876
883 74
578 996
300 354
397 824
750 670
568 757
642 917
511 778
220 649
369 321
115 357
133 782
959 438
63 205
91 182
929 231
971 620
347 310
815 727
835 13
653 922
233 675
949 29
807 83
935 30
641 857
578 313
426 58
60 17
381 395
506 268
267 678
17 527
346 885
772 649
995 320
722 760
79 409
692 416
584 745
5 884
913 358
614 621
22 602
939 406
355 223
263 976
189 650
434 210
349 18
666 340
522 517
100 617
13 142
434 165
571 876
992 647
312 633
463 786
377 85
161 852
550 462
623 780
718 796
866 19
776 279
444 253
998 575
193 443
265 790
654 429
461 489
741 790
577 349
68 560
253 988
112 388
974 932
266 559
766 266
400 793
718 425
797 806
728 765
2 916
150 220
486 172
751 400
785 545
685 2
392 759
875 668
17 760
3 352
639 2
618 438
690 619
768 993
811 965
523 73
651 924
814 568
301 539
638 796
128 511
648 742
594 350
797 283
379 308
622 368
694 909
110 68
83 779
493 974
263 624
889 188
893 291
482 762
688 453
256 625
579 893
651 600
524 120
360 933
307 862
365 172
259 753
316 912
389 844
818 622
981 930
769 954
790 648
627 534
479 309
513 457
875 496
182 888
308 675
369 190
956 855
624 468
527 776
530 92
749 360
208 63
903 185
634 216
725 143
174 895
197 294
96 29
40 127
477 982
886 434
870 535
856 193
292 93
349 28
477 71
710 127
535 96
993 41
480 68
373 263
174 200
880 933
573 414
706 865
547 319
567 160
366 547
550 161
283 833
845 911
438 495
133 531
261 622
45 199
410 580
698 147
510 429
917 115
613 260
120 359
450 296
603 274
202 885
940 203
852 969
945 731
51 852
566 53
894 646
806 740
342 986
63 5
381 418
128 330
38 973
649 312
104 89
468 538
839 99
167 184
260 494
456 954
924 789
962 192
790 842
927 142
597 80
990 669
661 675
43 660
972 271
477 743
26 577
959 531
49 928
872 652
736 870
901 623
972 414
249 233
675 965
2 361
4 303
175 326
197 282
164 213
149 615
350 312
105 109
67 113
430 112
947 262
201 936
143 789
771 84
663 66
10 654
637 909
504 247
486 955
534 213
888 349
767 239
360 490
326 995
624 454
736 128
699 500
3 557
900 805
650 720
79 350
390 479
181 196
391 946
475 197
484 285
727 435
103 501
125 29
417 204
510 457
774 256
993 682
543 461
121 686
567 475
517 546
21 307
941 642
217 600
694 986
16 733
492 550
110 141
937 695
902 247
47 676
435 396
285 239
858 211
324 555
974 366
497 73
170 177
243 413
335 384
178 740
617 233
546 63
790 999
699 670
994 514
632 619
764 120
181 832
441 755
596 673
83 974
815 385
664 81
913 377
518 720
740 320
333 918
670 559
838 701
341 507
839 396
660 513
476 662
826 873
4 237
117 356
744 658
981 203
285 708
259 57
23 432
377 440
801 558
677 83
789 576
903 657
226 175
227 730
981 301
286 685
452 701
757 214
278 81
598 558
941 751
605 258
326 813
754 808
687 364
486 935
219 632
942 154
357 986
603 926
270 963
927 312
179 682
426 709
408 328
559 663
484 467
376 188
319 632
396 665
698 873
186 69
280 898
559 516
266 253
590 610
958 654
92 885
707 906
194 587
102 832
747 637
842 667
258 433
901 598
902 433
81 59
778 227
747 522
346 854
788 440
129 845
683 290
538 547
336 407
372 637
638 880
682 982
169 569
646 69
168 900
483 345
894 553
424 905
202 102
650 155
247 385
781 620
566 287
826 440
440 243
727 698
482 370
392 118
514 961
750 219
952 14
327 126
847 839
459 14
63 744
891 3
734 719
200 866
455 474
166 139
800 49
947 898
530 230
328 96
443 611
632 980
317 134
856 456
291 567
808 363
607 101
331 310
619 923
451 829
692 331
179 202
2 821
330 98
761 318
28 509
302 4
123 569
16 413
288 594
491 189
629 511
791 64
6 760
353 60
904 700
762 208
781 106
106 796
987 701
698 696
760 497
598 677
858 898
399 840
735 628
793 789
500 91
562 234
552 428
220 42
422 810
614 222
194 653
591 250
295 393
704 406
908 288
461 822
569 536
54 80
975 712
543 500
807 704
910 777
177 699
520 386
717 257
220 767
553 272
548 493
971 698
517 634
510 656
849 26
859 65
971 523
534 571
26 950
868 913
372 704
217 769
518 495
468 667
831 124
998 743
752 521
381 767
497 482
517 68
373 575
730 240
87 589
863 444
645 9
665 843
649 78
155 277
599 470
285 618
89 25
792 578
227 423
625 200
773 870
188 458
527 779
623 690
882 584
389 766
1000 601
417 921
257 624
222 136
694 87
511 170
306 812
206 444
443 986
945 316
897 689
442 286
188 782
330 459
248 80
339 379
876 562
277 49
618 137
7 772
931 44
932 371
236 800
49 696
245 542
48 118
926 337
584 136
660 357
474 304
761 311
371 936
906 997
335 525
855 458
173 481
971 713
203 675
440 367
992 300
646 995
651 955
546 207
964 194
124 423
270 503
327 514
935 451
918 759
321 429
928 627
985 582
513 815
91 199
879 166
203 897
755 364
612 291
650 192
360 228
458 593
276 930
138 911
169 572
497 159
406 576
281 957
998 786
363 485
5 462
248 867
709 826
319 546
412 448
566 737
500 672
34 789
207 707
424 270
868 457
47 180
105 995
106 791
402 445
687 900
799 734
156 844
655 346
677 190
909 27
948 583
472 312
951 672
628 979
226 379
268 116
567 624
704 18
580 749
448 848
840 626
366 738
793 860
704 129
802 530
713 85
935 978
125 581
684 722
634 689
836 789
125 314
253 229
20 698
867 813
686 243
219 170
440 557
992 490
319 351
606 167
803 386
992 334
275 733
591 291
261 466
375 980
347 191
918 544
25 951
120 499
963 769
447 72
638 853
142 542
694 987
526 640
363 786
777 878
741 165
342 80
824 207
329 791
256 395
539 676
904 359
568 212
52 45
215 691
612 37
596 674
958 9
122 809
450 864
204 823
132 20
822 356
660 514
130 533
421 50
313 665
332 269
959 566
619 545
161 989
19 491
745 987
835 653
588 883
708 302
938 654
278 231
886 72
173 499
231 189
861 774
477 29
350 277
577 375
836 708
325 89
975 179
456 407
158 876
537 658
735 531
762 764
448 555
361 286
755 714
684 694
266 875
382 270
891 611
665 103
386 384
633 556
443 337
267 143
345 675
789 14
49 914
674 350
381 910
493 444
475 81
702 688
78 238
119 518
708 97
470 852
954 929
759 598
747 666
786 550
574 729
617 186
266 318
341 858
950 716
789 706
818 653
8 329
834 941
854 424
468 595
18 350
971 332
728 80
422 4
170 37
43 817
15 191
881 95
365 198
402 80
497 342
522 801
937 841
251 163
769 984
130 582
442 852
313 580
612 168
528 957
472 35
458 218
477 814
98 165
763 189
784 614
32 795
658 67
420 146
866 190
923 45
62 427
464 854
262 34
661 952
236 490
738 100
79 812
482 806
728 50
787 635
41 893
888 696
465 537
762 209
782 642
966 431
126 344
960 244
923 504
782 381
131 669
262 433
671 799
286 315
804 188
608 789
721 901
521 930
849 605
921 120
410 511
141 637
660 467
254 222
388 766
184 569
519 787
58 289
366 871
516 814
42 633
958 683
881 548
157 344
471 56
988 838
954 978
112 977
32 984
371 892
765 20
463 137
8 519
725 902
780 713
964 382
977 253
587 634
739 745
199 368
55 972
39 831
781 662
124 209
716 429
184 38
282 767
869 665
726 242
459 45
132 93
834 194
339 736
1000 742
490 415
717 567
298 349
648 2
706 264
339 849
161 901
680 883
248 405
657 101
786 259
626 166
880 249
681 504
221 47
466 470
183 919
519 537
170 782
157 760
857 584
822 714
608 834
990 428
496 976
813 397
524 969
658 762
681 555
13 92
225 144
486 334
949 622
842 510
491 740
431 347
578 776
975 318
500 862
854 933
361 240
803 489
915 547
542 774
279 868
798 172
86 642
360 872
511 521
883 4
764 769
587 824
641 224
660 68
720 359
750 32
977 72
190 271
836 261
51 711
967 557
34 779
237 784
474 194
534 964
630 873
941 240
267 659
507 118
55 976
521 372
49 236
716 465
771 874
542 365
891 93
284 101
580 413
415 797
87 592
995 235
905 247
545 840
216 194
87 705
717 586
430 293
400 264
438 752
866 247
387 18
544 127
587 51
808 292
511 107
984 567
761 260
562 367
45 76
179 773
790 359
166 990
465 747
925 848
26 735
589 919
182 535
404 533
187 399
614 554
154 124
248 535
999 228
343 512
461 206
408 511
11 810
533 929
92 439
440 976
292 849
723 15
686 129
390 322
942 239
619 430
12 336
332 757
727 476
659 868
206 97
128 236
182 83
96 144
538 811
868 534
251 271
941 478
963 314
485 34
335 903
829 369
206 964
941 367
500 545
46 621
110 472
17 904
95 564
253 296
806 518
483 319
802 441
324 533
773 360
561 518
798 821
404 78
803 961
473 486
811 442
423 816
464 303
393 229
237 22
773 10
192 697
639 719
414 732
130 611
646 411
85 311
883 991
493 718
299 925
726 772
916 868
226 58
248 606
47 56
32 879
641 823
455 679
409 379
139 558
872 726
69 289
306 213
383 449
645 516
118 790
196 676
396 38
128 542
719 264
478 638
118 929
988 319
262 458
432 481
909 881
368 949
629 172
940 841
816 327
135 233
284 805
447 683
653 364
606 660
930 957
558 475
504 354
920 340
633 395
232 300
90 918
346 316
418 129
58 232
320 927
238 497
989 314
635 623
638 886
147 163
703 958
155 636
962 356
360 174
638 705
132 324
996 27
854 425
737 56
125 611
588 381
324 729
298 255
62 108
281 971
265 462
764 414
91 556
996 142
26 741
927 605
804 948
852 920
908 602
740 939
39 618
189 89
32 796
382 634
917 853
938 720
329 959
64 237
373 925
299 790
526 507
912 315
714 891
435 374
790 444
757 549
169 294
832 226
207 282
120 692
490 362
112 296
519 935
960 70
482 918
804 479
983 346
466 386
983 683
639 5
396 345
434 740
537 365
979 960
391 214
983 536
825 104
700 876
385 25
495 866
757 379
413 939
76 683
438 6
45 224
175 813
632 122
347 467
816 65
954 617
196 227
660 306
336 486
190 385
337 947
870 359
655 633
489 245
15 335
643 942
366 49
223 488
479 882
542 84
748 697
310 520
781 661
178 682
485 574
551 111
459 95
964 684
14 175
768 479
915 416
38 17
277 967
973 426
226 785
498 522
936 793
504 691
928 21
53 508
423 51
151 835
243 994
688 693
429 541
969 632
716 227
776 216
316 241
230 587
892 572
291 981
753 866
936 286
203 257
369 537
466 184
924 359
799 142
696 510
398 586
883 828
684 827
62 158
619 790
781 59
403 375
375 731
540 422
279 306
146 80
667 813
452 917
918 222
496 977
770 711
266 849
304 228
289 528
382 445
58 479
828 719
341 488
50 587
141 608
497 614
884 86
903 929
836 209
413 800
174 488
256 101
241 694
834 558
119 600
618 425
519 796
195 120
927 843
305 488
567 496
539 357
737 279
392 500
266 405
195 9
453 833
152 468
741 62
941 556
762 37
60 381
267 658
87 269
310 532
226 723
302 676
267 739
329 714
915 79
185 366
939 309
355 58
661 672
613 679
192 717
504 719
782 140
322 418
539 361
924 421
213 154
733 952
93 436
312 581
921 729
494 685
98 106
761 410
373 932
283 452
288 446
71 349
679 610
960 480
136 738
691 112
305 797
80 847
989 521
874 445
35 325
54 547
154 655
348 772
19 796
41 948
80 990
745 680
802 673
474 990
590 512
38 524
884 869
246 846
391 137
145 551
257 237
442 163
318 982
173 81
211 354
505 513
605 78
328 6
736 131
257 30
137 992
944 496
121 593
874 113
620 525
200 64
236 774
903 16
125 26
865 831
972 764
274 555
337 984
694 46
514 479
185 206
760 854
998 496
158 251
307 735
226 336
612 370
974 377
81 510
882 232
42 483
686 796
284 420
782 479
346 925
40 704
332 408
961 328
669 55
178 626
30 723
616 669
52 47
971 307
757 750
575 445
523 606
835 448
982 401
604 643
950 947
934 20
882 861
26 72
702 323
428 937
783 209
74 261
683 933
649 789
354 117
247 994
112 47
644 24
235 629
761 438
645 119
264 452
193 290
395 554
472 359
454 75
690 221
486 888
737 798
737 914
317 946
50 207
295 819
563 823
892 953
152 642
24 637
244 216
997 550
954 363
791 396
763 829
985 775
270 881
987 481
434 547
888 327
665 101
907 224
875 692
91 325
167 680
518 176
337 197
685 264
380 893
788 468
314 351
228 825
855 396
342 289
642 913
203 621
702 513
423 96
890 801
817 477
713 71
543 704
471 741
901 390
631 395
998 766
303 412
143 71
990 574
276 612
136 239
119 68
88 680
415 839
752 639
694 630
436 354
518 288
756 811
302 591
928 10
360 988
551 424
972 195
22 606
705 984
833 131
838 668
434 206
255 378
679 452
297 94
277 17
725 6
433 398
640 988
938 721
995 768
248 635
664 348
53 810
942 360
309 645
107 81
473 607
995 766
814 166
468 358
452 803
641 374
643 90
11 740
417 126
819 701
861 10
954 412
457 860
274 399
405 484
44 356
62 997
927 419
549 509
862 652
422 809
403 721
701 530
79 354
561 423
104 534
489 92
214 514
44 138
580 340
162 477
556 316
309 282
298 525
567 495
276 196
700 567
760 799
279 947
599 830
877 568
713 431
396 877
682 550
719 577
926 633
318 298
233 499
752 814
146 747
898 666
460 15
990 978
461 290
651 894
202 963
4 876
649 401
156 167
633 413
318 151
545 49
355 345
791 588
494 436
762 716
579 782
928 22
626 353
833 111
669 769
265 715
605 643
87 684
610 891
991 426
655 553
71 376
109 965
390 792
66 536
333 474
143 908
40 99
793 555
277 634
95 391
499 518
83 455
840 714
453 89
326 217
130 108
352 292
64 488
304 391
31 828
876 271
235 145
935 858
438 854
719 195
598 708
486 98
879 521
607 542
347 141
832 796
727 581
932 495
645 910
150 292
404 444
817 89
50 584
253 79
960 458
833 963
820 767
656 360
56 612
937 957
883 153
521 702
371 941
229 55
208 170
988 804
115 432
613 145
261 268
821 324
534 619
876 968
759 536
432 581
164 936
418 424
150 979
229 890
929 28
483 263
751 997
735 416
440 63
331 619
743 917
445 818
947 688
158 457
722 482
937 394
948 14
622 989
694 574
448 409
113 243
191 528
912 727
605 886
87 707
680 563
747 829
118 255
545 831
305 562
748 866
182 856
865 602
813 922
71 996
652 536
744 713
135 707
62 609
832 82
140 727
861 831
364 377
239 895
735 794
331 576
648 286
44 639
226 374
850 424
146 259
178 501
932 222
899 431
849 872
461 415
838 180
177 171
585 822
268 198
235 381
326 852
470 114
784 108
489 250
895 422
110 746
554 650
483 788
814 952
497 688
963 431
836 167
819 915
72 12
915 720
236 775
239 160
594 113
997 884
48 21
548 322
661 45
37 963
168 654
560 176
85 763
105 213
768 941
401 724
954 904
876 981
647 300
579 394
176 407
530 570
507 423
470 41
697 219
989 771
675 316
722 638
708 957
214 34
640 437
852 672
65 818
63 283
618 590
857 270
170 479
47 887
621 430
397 292
94 310
722 819
924 27
999 753
325 514
950 803
790 692
39 576
362 593
959 563
356 708
361 822
929 612
606 316
735 88
682 340
667 424
88 9
640 864
550 423
164 358
917 928
973 804
44 716
46 134
611 804
973 949
335 108
841 303
533 737
970 909
990 872
460 991
841 811
920 292
275 830
865 34
629 57
701 668
686 48
418 987
783 938
547 160
923 575
214 672
729 764
197 830
733 156
1 195
337 171
980 555
802 791
513 168
327 210
239 196
298 534
560 205
814 694
765 156
669 470
561 245
86 712
289 938
676 514
898 516
99 559
996 295
501 847
29 936
266 426
160 953
398 359
99 700
337 887
989 871
122 630
986 31
570 990
365 50
77 766
687 517
194 442
485 71
329 641
860 875
496 190
541 192
378 190
584 637
344 450
164 597
57 995
938 772
834 253
476 630
192 933
651 95
195 826
917 851
970 360
59 420
633 783
10 864
49 718
451 718
178 42
292 38
844 635
791 92
795 409
193 559
396 452
861 152
939 998
889 215
266 552
644 561
136 872
514 69
453 279
85 992
853 854
983 907
470 137
275 568
202 632
385 136
703 536
763 470
465 474
543 99
99 554
181 302
353 621
599 840
505 794
695 213
38 760
594 456
836 413
893 220
272 804
402 751
664 85
576 179
613 94
464 459
800 661
513 880
111 353
649 400
358 978
1000 444
363 620
331 537
351 455
209 554
228 274
380 437
113 214
222 304
937 757
481 618
522 704
282 621
360 569
397 364
60 892
825 401
829 361
408 955
354 75
161 553
951 954
476 602
833 31
763 346
550 412
972 454
611 158
773 755
339 963
981 368
930 974
843 371
249 50
749 645
204 486
329 74
690 117
418 656
366 714
921 319
280 689
425 584
391 167
799 314
158 694
486 99
903 264
228 702
319 823
410 431
84 698
512 923
840 312
352 242
746 974
660 498
453 412
997 409
270 729
396 556
453 557
42 600
812 100
232 358
858 422
50 683
322 341
608 129
349 454
384 987
657 778
65 666
323 222
162 192
332 144
834 718
546 58
937 751
664 433
192 713
172 632
428 530
315 113
678 694
535 795
535 921
459 236
756 590
869 297
130 144
34 744
643 682
535 904
906 436
480 469
87 621
678 912
95 38
632 818
834 178
799 932
375 342
338 680
49 987
880 427
93 434
576 916
65 401
504 943
729 186
895 877
786 145
273 172
44 745
135 706
841 417
142 446
224 429
140 171
843 492
754 769
352 159
13 260
141 335
751 758
258 429
757 31
707 742
482 719
358 122
550 580
366 593
928 1000
938 945
478 675
591 921
549 436
510 272
538 903
814 808
229 328
339 700
286 129
771 535
591 190
44 83
366 944
206 971
48 485
176 170
863 943
77 102
573 865
206 890
327 738
347 288
479 807
320 852
194 181
413 469
575 217
426 64
462 898
892 51
273 41
811 447
215 414
302 710
48 545
360 851
604 750
368 334
352 835
114 350
766 844
203 757
264 232
856 322
32 132
421 62
152 797
49 967
105 240
364 184
524 579
407 108
424 12
504 826
966 52
179 866
17 131
880 181
457 68
204 759
46 246
691 255
514 348
110 933
230 450
802 707
123 894
586 122
898 46
115 958
176 778
124 944
710 971
824 998
913 619
292 880
41 688
409 948
451 273
304 812
788 752
793 94
315 302
873 264
803 469
362 783
309 260
20 969
367 498
578 847
633 392
57 426
621 811
214 387
346 315
988 894
664 860
612 562
206 807
924 662
779 189
674 461
262 914
142 591
609 736
404 334
479 906
975 529
958 956
953 243
294 277
332 216
150 920
952 420
721 281
100 162
7 662
123 3
90 376
937 449
721 426
795 943
541 223
360 990
820 376
971 174
61 954
429 566
302 444
708 711
394 779
144 938
4 206
443 614
759 180
706 288
802 859
376 758
198 140
113 484
990 40
691 61
602 608
508 951
201 777
754 615
884 522
938 622
887 641
391 412
981 460
559 483
602 898
861 151
239 551
22 11
996 930
120 917
173 245
755 573
900 964
315 108
392 927
31 120
625 845
720 819
120 115
286 334
254 194
861 298
400 124
480 267
465 473
585 440
215 237
760 946
45 366
824 591
203 698
129 819
902 406
336 473
979 513
410 780
159 395
136 832
829 819
670 29
712 275
470 231
795 764
7 980
545 469
854 345
431 760
981 842
949 492
825 182
745 470
753 180
661 649
847 806
829 759
562 914
71 84
75 17
350 149
832 436
669 799
513 456
710 437
752 379
435 185
808 445
481 331
21 796
639 486
734 462
22 858
459 668
852 157
235 117
416 585
127 163
330 131
518 846
5 937
591 933
982 923
20 589
244 227
687 291
85 116
982 869
71 702
511 439
975 484
582 206
803 143
804 220
384 271
681 559
991 782
873 311
727 564
72 18
223 885
462 491
725 824
725 409
846 494
937 931
954 3
959 278
372 412
120 365
711 881
505 821
953 329
76 424
168 803
208 240
25 990
546 200
949 955
495 327
423 42
446 703
263 573
569 394
313 196
5 134
43 95
161 392
569 507
676 866
593 397
901 476
8 261
282 684
834 913
96 903
930 444
553 559
535 907
782 224
34 600
218 493
237 447
147 811
460 354
78 785
743 885
218 412
436 459
661 798
577 211
406 679
1000 710
784 531
293 243
736 892
307 481
991 392
259 451
101 902
83 647
1000 620
191 752
499 631
609 671
562 363
943 218
155 254
218 801
58 954
477 52
980 93
454 268
883 650
410 238
563 988
898 75
64 357
974 199
141 479
700 178
225 278
890 103
367 360
41 740
462 84
708 340
272 560
864 58
157 363
837 281
965 468
949 184
682 730
132 703
157 284
233 942
403 132
242 932
579 511
671 279
475 790
704 864
815 824
816 874
599 81
582 769
886 743
108 611
289 351
199 308
976 511
674 874
911 107
130 972
244 642
797 144
730 181
553 660
114 686
556 537
981 100
907 833
930 674
826 883
113 825
914 238
936 330
661 931
352 529
743 639
924 315
984 86
390 645
967 375
491 70
40 174
350 399
407 988
987 806
752 97
18 733
64 419
830 663
839 277
407 674
544 626
129 362
345 350
157 779
214 823
395 235
750 869
236 583
242 516
741 558
962 781
802 930
305 250
272 397
404 250
225 419
615 218
414 55
219 141
634 944
285 314
768 796
716 962
826 14
310 151
538 698
941 335
604 143
419 874
474 100
314 461
564 557
158 218
327 705
270 142
581 538
33 28
877 883
627 372
216 402
830 315
270 210
994 544
469 138
338 956
207 753
74 578
237 502
113 40
843 137
901 165
355 119
48 861
924 159
948 192
17 290
236 178
796 708
28 166
449 159
503 452
161 515
951 848
347 888
41 53
617 720
193 146
175 38
669 951
576 989
830 966
869 804
143 309
467 220
363 95
748 912
457 406
701 107
813 625
540 303
814 314
504 855
191 921
491 179
614 615
540 350
945 266
361 707
334 270
447 533
672 573
747 19
914 662
111 600
793 799
758 945
317 693
619 477
582 227
939 563
371 73
969 254
332 682
993 224
97 299
598 921
43 438
81 895
499 24
29 759
603 670
92 153
239 218
422 526
335 567
929 442
876 889
146 964
938 894
744 487
307 747
417 127
237 918
314 481
722 290
116 565
800 568
817 510
506 585
513 129
548 634
906 323
682 948
216 606
124 127
328 620
204 7
901 487
812 710
206 589
962 247
29 172
215 641
511 574
916 740
459 83
422 37
479 28
838 989
714 711
251 540
364 844
146 27
972 147
222 310
539 528
227 181
886 969
541 162
853 240
852 802
949 979
856 109
990 827
477 668
26 628
333 856
302 473
782 39
637 630
804 571
292 279
934 162
210 616
616 411
355 369
807 623
730 399
914 310
199 832
667 402
738 850
120 613
726 691
499 944
540 326
774 945
13 203
335 433
726 546
822 941
328 417
757 136
886 292
27 785
453 682
861 250
609 129
634 308
211 477
269 709
774 610
168 790
824 927
36 295
69 361
944 456
599 520
546 628
289 645
676 791
702 787
44 105
506 792
214 601
803 492
309 379
883 154
668 822
135 467
909 744
72 370
650 488
824 475
661 232
989 651
618 695
952 383
117 853
940 480
890 727
251 915
954 580
29 153
40 631
364 528
928 198
473 175
915 448
622 851
878 313
554 19
579 636
122 241
952 810
233 676
616 503
930 865
19 578
94 10
131 28
154 423
585 985
752 70
491 234
883 796
990 192
149 608
444 188
304 471
714 14
221 14
224 286
460 950
709 265
552 76
771 139
906 591
128 963
46 112
116 58
887 799
266 881
569 888
804 241
219 819
700 870
314 101
478 816
177 819
193 928
660 400
792 361
935 558
813 142
785 885
937 926
384 10
367 73
480 675
101 29
817 292
141 866
744 319
705 691
472 610
290 303
789 839
167 119
975 940
834 720
119 350
969 835
121 913
740 154
692 293
964 450
930 366
588 342
420 672
517 862
227 246
661 585
152 188
195 660
19 162
347 625
313 449
631 193
497 438
209 624
344 489
677 489
604 671
199 85
790 728
887 488
584 979
109 872
467 618
687 817
375 397
153 551
389 687
446 976
196 899
583 17
876 29
550 474
205 843
921 554
387 386
373 53
926 821
47 436
840 694
396 76
2 247
865 325
120 780
799 478
215 361
644 713
663 127
870 929
547 414
832 808
173 32
357 963
654 529
929 407
895 327
127 809
512 581
620 990
272 398
98 912
837 363
845 848
225 531
427 955
29 643
784 504
110 342
94 955
906 935
64 782
214 496
876 933
401 693
538 554
333 414
251 893
848 489
612 274
250 901
419 794
489 291
777 140
601 592
18 344
540 757
483 60
303 265
911 78
381 837
193 119
412 407
621 796
899 927
682 21
322 566
403 716
170 321
781 479
375 280
748 790
341 408
109 844
240 5
972 334
243 954
781 304
450 530
371 910
226 219
317 240
389 643
377 93
680 812
364 301
37 145
240 995
519 781
331 444
406 78
942 364
13 104
254 260
480 604
862 455
493 412
956 24
979 233
213 545
73 86
880 802
166 729
794 222
597 651
232 689
853 625
413 644
362 60
163 421
611 547
650 945
432 386
252 810
810 983
775 875
369 559
599 615
980 475
283 893
233 186
525 721
695 161
594 52
703 618
615 334
915 769
188 2
882 507
996 215
846 166
668 834
161 128
548 532
452 385
38 590
884 396
501 800
122 695
522 165
863 630
114 51
460 11
261 54
209 269
564 433
753 328
276 917
410 919
307 825
436 435
973 468
207 784
833 321
198 874
619 705
798 528
86 262
971 76
754 340
938 927
960 763
501 277
563 262
126 674
531 228
972 370
618 752
658 161
821 627
98 50
500 450
390 566
230 735
395 630
947 133
71 261
771 467
758 65
559 16
357 680
681 482
40 502
286 639
748 318
508 699
365 778
24 522
79 44
559 374
275 891
499 473
654 713
894 907
760 242
510 791
392 780
779 392
430 536
103 119
42 948
495 242
944 88
998 239
86 533
512 700
767 934
902 481
6 170
997 941
409 652
2 517
556 92
793 310
445 763
444 914
512 474
234 554
493 271
318 458
321 422
393 17
363 815
399 15
901 329
5 132
579 35
221 822
494 378
77 818
703 66
158 461
659 232
787 31
916 761
475 603
961 272
446 328
428 819
360 905
804 890
587 378
436 294
240 367
863 409
846 745
852 622
302 395
605 882
161 601
123 55
971 104
511 819
347 818
776 106
479 273
320 166
691 345
213 165
105 996
127 355
352 631
429 909
452 562
292 411
75 797
576 774
316 1
562 993
403 62
87 914
973 909
120 753
836 751
505 441
452 720
642 288
127 982
862 415
774 813
442 330
481 160
508 735
549 351
272 133
861 221
76 955
600 611
157 726
628 367
909 573
942 241
525 311
675 406
200 716
508 445
847 960
608 979
970 710
811 726
421 782
633 256
893 974
399 431
857 49
133 639
595 188
542 981
104 737
688 699
275 738
112 896
393 851
506 940
821 307
234 511
141 865
633 477
333 505
789 838
350 644
357 229
8 777
431 717
358 999
200 513
400 589
203 930
989 799
82 989
194 35
771 622
177 823
659 151
835 443
330 547
721 306
649 429
133 68
299 356
85 315
783 62
345 38
192 703
485 929
450 891
834 380
166 291
442 955
369 873
541 361
377 358
341 387
95 148
939 562
782 28
855 766
532 707
957 74
27 13
778 847
302 129
365 543
155 859
226 167
542 853
729 260
364 345
330 217
719 353
41 778
459 567
649 587
227 595
644 714
296 856
723 211
136 993
174 153
140 985
490 18
898 45
735 536
573 365
701 664
297 690
279 486
600 309
840 484
126 1
37 560
315 434
64 754
233 221
548 140
93 889
684 316
542 934
436 781
926 257
883 164
594 81
794 703
634 958
192 126
817 739
219 60
133 740
299 132
279 938
16 674
462 707
19 684
703 932
81 477
262 810
214 211
315 860
778 348
622 191
270 208
186 995
407 457
707 351
639 792
269 424
19 359
546 714
877 36
553 758
346 668
972 248
632 877
407 175
570 187
680 527
878 758
31 876
991 445
630 279
71 147
188 429
407 909
325 772
81 286
169 296
135 519
139 576
762 114
514 307
81 689
923 320
672 704
31 839
897 685
823 593
862 343
903 403
142 469
254 487
165 542
166 809
581 134
729 691
362 76
112 667
645 917
797 942
185 264
396 693
318 11
201 475
718 336
594 162
462 402
564 894
432 225
430 620
489 464
987 369
474 292
510 446
802 166
453 710
516 932
774 192
479 602
445 726
898 740
354 656
206 689
357 267
955 618
751 862
185 491
756 630
117 992
707 426
925 511
527 351
311 960
518 374
186 903
777 56
502 853
144 747
224 582
971 254
661 662
208 738
549 518
484 631
947 889
216 237
218 391
624 202
118 148
823 221
914 165
58 835
82 811
506 455
942 938
506 237
217 8
689 764
531 453
115 684
26 135
634 80
746 630
446 888
487 84
842 37
182 514
206 388
614 513
945 308
874 466
361 701
583 510
540 932
185 655
148 517
940 325
351 714
974 607
318 575
805 913
662 122
206 166
836 825
31 89
310 384
846 374
370 407
708 371
563 528
423 368
617 831
779 24
102 945
394 118
177 334
324 395
347 58
242 812
349 584
975 692
7 134
637 405
306 829
21 294
298 893
461 159
746 383
124 447
363 913
507 852
515 495
129 909
869 115
341 151
293 567
260 320
423 180
405 665
392 216
800 693
716 377
899 683
137 661
428 669
105 568
713 825
808 751
243 678
483 119
66 181
342 814
855 612
472 115
825 433
23 310
351 197
174 710
191 620
383 244
754 456
810 310
528 523
268 270
469 507
491 95
610 139
442 617
357 849
836 91
400 45
718 861
633 971
575 936
136 631
357 715
448 825
111 847
179 955
697 826
537 525
165 756
404 540
408 599
524 829
212 16
656 141
875 19
431 908
292 201
719 162
866 818
116 405
154 246
27 620
103 185
514 150
28 882
766 474
767 871
228 557
138 309
932 671
241 686
757 828
394 106
12 911
592 599
699 237
607 940
846 108
979 589
543 436
712 112
768 930
275 338
719 663
812 475
793 386
391 617
582 772
87 190
265 173
80 40
119 201
782 417
925 839
591 879
488 418
543 520
360 855
472 817
273 832
570 950
511 752
994 650
976 385
608 633
298 149
431 403
126 793
971 134
790 734
441 619
833 185
55 936
272 964
821 904
312 760
331 180
499 822
351 825
249 291
505 137
549 830
239 952
312 615
459 712
776 150
118 79
529 450
767 374
951 623
917 939
849 547
278 255
174 956
729 267
785 233
951 668
648 319
502 456
749 585
642 261
978 365
724 121
942 48
36 65
586 102
89 902
645 815
137 804
796 653
12 156
34 420
896 567
344 756
591 120
331 990
600 421
306 528
492 959
129 9
348 187
367 393
684 317
408 192
287 840
751 503
163 886
846 473
485 79
638 927
971 824
977 854
419 5
628 145
59 662
57 778
124 36
103 609
87 488
514 180
655 275
573 897
924 513
48 276
51 663
73 935
458 703
650 49
963 970
929 110
569 455
916 348
129 614
665 596
744 59
473 459
612 114
337 532
621 508
325 719
901 162
528 806
284 164
160 122
855 398
255 659
666 956
467 387
87 646
914 190
934 133
916 912
667 282
406 354
838 143
924 491
565 503
640 978
553 407
455 755
518 983
776 178
409 431
908 951
430 471
658 202
494 990
385 919
780 377
875 189
503 660
452 666
625 406
425 710
871 393
451 578
101 263
144 106
383 371
59 153
776 639
581 13
563 793
413 642
583 426
733 473
456 443
240 594
336 913
743 32
28 289
521 938
301 222
528 174
653 459
745 296
43 427
650 657
817 128
525 719
106 473
733 876
275 684
646 877
776 955
746 137
836 976
785 819
717 312
846 164
538 669
760 805
877 534
345 417
517 609
973 31
336 108
981 628
632 80
930 178
825 984
938 345
367 865
170 239
365 478
416 163
551 151
185 490
351 445
389 144
699 721
277 830
428 841
434 394
531 8
949 281
117 513
653 549
179 482
786 198
454 856
331 239
155 413
106 677
880 388
643 480
737 525
990 969
147 753
510 742
353 260
156 884
724 218
913 90
877 297
771 324
889 299
123 623
495 475
131 946
845 481
546 975
999 875
875 153
974 543
97 249
832 116
887 534
965 952
838 190
128 587
355 425
590 559
112 474
184 823
618 475
614 401
278 264
926 557
13 364
658 611
664 732
906 569
165 909
687 412
215 431
269 595
332 713
392 782
963 441
324 101
987 303
533 887
898 308
703 571
153 274
689 409
428 203
266 186
196 191
309 376
370 374
209 60
462 286
46 601
216 880
323 52
218 860
632 268
472 649
545 552
884 482
613 236
445 618
997 141
85 451
123 225
233 609
329 866
535 790
722 551
501 548
265 446
89 162
821 145
237 42
173 962
678 549
364 962
455 405
57 542
166 200
284 878
173 740
340 171
967 510
18 979
117 263
652 534
869 1000
377 426
503 574
107 241
89 286
566 792
532 664
862 99
19 583
192 17
100 698
304 635
757 248
28 574
657 458
966 92
490 429
537 524
723 825
377 306
784 979
384 147
680 4
633 36
392 972
444 413
102 225
768 615
568 953
418 800
537 302
224 127
666 74
28 883
267 13
651 355
814 813
90 523
417 361
188 794
774 367
33 697
586 519
825 709
354 887
850 912
462 378
525 616
894 345
310 830
424 889
665 349
684 15
154 730
581 657
966 853
825 935
829 887
668 571
536 978
299 440
835 26
566 158
697 221
695 574
4 659
683 288
423 859
650 237
394 431
459 143
886 618
542 294
854 500
804 777
967 815
221 905
203 130
369 158
276 574
613 883
762 671
713 27
285 952
144 564
754 267
828 263
22 693
702 59
136 472
599 401
855 523
327 97
951 840
643 427
91 742
44 932
78 992
82 282
45 107
92 952
193 98
577 44
173 601
528 616
144 865
752 22
838 530
793 628
654 331
639 267
785 232
89 747
291 867
994 190
966 440
480 151
376 488
126 180
992 818
707 713
779 756
145 516
383 700
168 419
232 630
709 12
860 104
733 150
491 535
277 112
963 369
619 275
489 506
953 427
902 284
478 930
753 478
250 965
219 62
721 848
996 350
245 846
357 388
587 875
197 747
186 284
707 146
265 139
621 584
692 11
863 543
99 674
871 748
821 55
825 44
478 954
705 518
298 84
710 556
963 858
255 956
75 266
424 514
556 731
744 75
872 128
48 962
87 419
753 131
203 710
402 73
421 251
705 800
833 235
854 131
178 992
929 824
71 111
308 291
976 966
455 460
773 999
722 785
302 449
857 14
201 722
554 214
758 350
423 643
959 605
598 247
90 883
967 454
291 545
383 143
790 453
203 285
541 621
197 311
51 826
843 333
662 643
115 722
169 302
852 245
732 579
110 987
201 925
587 54
328 952
672 706
361 711
642 486
382 175
218 916
990 302
481 238
62 797
912 96
308 551
182 326
793 995
327 608
850 276
671 774
983 528
70 395
770 501
150 646
183 168
846 280
741 285
426 687
190 339
215 379
271 517
733 250
920 265
189 924
154 961
871 844
323 970
220 322
229 28
642 989
815 926
779 220
125 844
259 880
681 78
168 987
907 368
542 50
949 213
753 508
256 302
919 829
165 471
661 293
998 669
893 425
528 701
919 515
955 842
28 547
246 317
138 608
658 363
470 309
436 333
934 452
113 200
646 456
836 202
656 918
213 29
769 819
184 269
661 773
666 320
558 675
317 79
492 446
119 339
715 68
787 851
256 793
331 383
558 530
335 95
199 228
411 167
407 866
877 296
594 552
143 612
257 733
644 991
244 603
227 655
139 529
88 199
35 448
607 208
735 815
169 266
758 68
939 794
101 847
27 868
231 252
123 991
728 522
410 151
841 233
55 163
706 295
796 583
508 549
883 467
543 799
315 399
335 832
323 648
620 914
713 48
949 918
883 320
337 356
300 104
211 319
943 758
897 986
419 266
824 236
810 429
621 861
177 332
233 398
842 630
682 739
371 946
669 487
483 556
505 824
945 720
233 838
803 718
43 816
259 876
144 57
706 144
299 95
47 661
363 800
569 397
109 316
897 390
293 565
523 332
361 955
103 910
342 66
694 791
209 511
816 673
506 331
35 979
659 237
273 858
825 213
844 23
555 76
226 858
677 325
445 188
782 229
713 904
53 439
477 587
736 898
495 860
773 831
244 665
248 732
134 875
654 82
431 223
89 492
17 127
718 897
679 389
131 243
316 173
559 211
924 300
892 600
459 703
689 542
725 168
486 852
748 127
588 720
774 913
496 696
39 776
154 466
748 398
54 571
67 956
448 938
698 518
240 524
59 192
762 106
563 848
976 619
976 763
993 835
633 148
357 828
913 530
788 730
774 477
206 51
693 547
486 355
966 537
275 630
172 22
958 752
360 270
768 821
315 350
292 655
405 872
945 867
531 534
437 7
630 928
721 900
817 425
410 631
569 312
518 131
24 195
9 145
997 160
176 398
551 201
617 341
302 857
303 384
859 304
327 510
368 757
483 4
809 660
976 387
761 755
557 730
92 943
579 830
301 917
29 257
303 230
329 639
535 539
43 578
902 558
541 358
834 144
374 217
303 87
288 244
75 220
929 637
291 516
257 660
972 590
921 701
648 451
136 311
924 304
123 697
605 524
779 147
537 973
844 767
961 829
672 328
364 340
992 981
884 675
213 793
204 749
101 647
11 611
283 710
318 680
620 165
876 319
280 576
792 875
512 827
745 541
463 250
489 223
879 590
36 276
171 519
939 588
922 324
172 107
266 224
92 178
494 983
985 889
214 389
195 489
137 742
779 179
104 879
530 887
821 276
487 768
777 982
206 856
927 401
835 104
963 63
836 311
12 689
218 106
695 492
150 878
60 857
461 310
544 534
119 318
48 741
780 686
90 32
78 513
851 771
982 235
109 405
368 273
39 430
916 500
649 462
906 662
688 420
178 526
469 125
895 84
934 473
959 894
621 395
401 134
517 80
649 637
449 146
583 979
235 865
715 91
554 215
627 951
22 961
282 818
619 519
268 321
400 329
501 687
178 82
586 343
573 585
247 764
603 821
435 494
239 700
184 686
858 998
657 401
110 843
169 954
945 158
178 671
71 720
370 543
667 969
293 941
782 540
180 812
624 426
509 168
665 216
682 145
746 981
656 501
396 688
827 124
521 825
558 508
462 401
659 679
732 55
642 811
555 534
89 921
332 901
775 5
859 956
189 509
664 190
495 440
632 242
851 592
889 645
659 389
290 480
932 951
402 742
976 783
962 302
726 447
660 25
522 6
628 279
34 404
433 917
730 933
592 974
223 724
105 577
470 475
934 441
901 115
243 719
501 511
844 67
939 337
695 948
576 528
792 589
481 732
283 66
430 279
787 850
292 284
39 513
388 271
283 499
195 799
288 427
397 71
40 220
114 981
373 732
62 589
205 783
234 965
481 47
6 908
415 500
184 842
740 839
158 558
966 385
533 546
419 94
115 975
745 580
616 860
766 338
692 657
567 775
662 121
11 905
201 363
538 938
461 809
859 762
837 377
977 267
929 648
524 344
286 63
292 660
43 294
958 988
688 32
651 948
428 491
376 588
944 92
16 749
546 53
158 279
273 575
350 575
976 122
685 542
742 593
711 546
50 953
824 318
203 779
521 354
137 105
657 610
108 644
184 204
627 672
479 127
962 71
118 51
750 158
994 340
976 311
320 267
151 217
689 658
507 588
540 78
244 608
936 483
899 249
368 229
795 56
559 67
501 23
912 380
669 631
308 937
681 433
641 963
509 413
408 602
117 200
779 637
905 778
12 100
912 26
107 430
680 6
370 724
625 283
675 269
526 511
847 11
501 927
962 803
210 60
469 941
71 809
132 903
465 394
798 468
926 297
181 510
625 920
662 359
544 917
745 211
84 752
396 975
733 850
438 374
612 517
997 973
676 534
492 651
137 346
659 445
309 124
661 279
3 981
557 422
426 184
155 618
854 296
621 755
267 600
971 460
575 935
479 189
280 413
155 539
899 127
138 967
503 43
621 644
18 417
194 430
468 689
644 348
118 305
925 341
599 290
859 465
899 934
647 1000
905 281
943 305
812 315
145 156
758 368
587 120
838 331
503 104
469 412
988 575
849 930
919 14
814 288
3 195
628 570
554 933
870 971
525 228
429 143
435 610
689 795
603 893
840 409
291 67
496 899
900 568
137 809
335 138
282 258
943 587
656 123
585 171
380 545
783 946
898 216
115 820
334 470
372 141
599 606
447 733
430 997
484 342
785 699
533 173
555 557
703 637
741 411
45 404
998 314
358 506
358 677
492 270
380 997
343 211
717 482
703 851
266 338
353 851
603 455
17 984
200 867
424 758
670 187
764 389
237 206
935 13
5 216
707 434
252 269
273 656
152 563
526 901
645 25
811 289
868 342
212 722
855 952
142 61
327 3
95 103
578 95
688 643
230 970
601 230
644 86
98 184
208 536
826 717
50 311
450 637
969 731
882 600
633 678
390 821
227 661
302 161
605 600
736 681
878 980
224 509
504 861
231 218
155 279
861 895
643 52
809 220
705 275
335 72
811 374
581 352
206 38
635 23
970 937
258 509
166 722
944 708
176 862
442 241
909 907
783 918
127 712
441 447
594 783
337 382
482 93
48 247
600 388
400 564
242 693
580 349
964 60
974 109
776 958
941 284
46 576
638 958
445 98
901 702
744 493
7 815
270 487
170 707
769 881
354 684
116 563
212 818
232 16
159 513
260 360
831 19
858 264
405 799
700 846
801 53
108 673
324 998
878 453
293 369
96 781
78 653
464 737
483 95
471 998
754 254
972 137
649 122
942 977
946 556
363 293
40 959
57 519
757 606
98 237
687 775
654 116
783 272
992 705
222 90
68 739
647 833
155 15
304 707
566 819
273 184
771 329
57 737
23 12
487 195
515 844
19 669
904 757
835 991
468 284
345 540
849 891
45 886
62 684
546 829
763 545
692 739
418 680
805 780
628 737
37 196
392 979
482 547
999 74
608 861
299 882
40 281
519 90
746 935
139 223
983 566
940 971
770 471
129 453
811 737
471 243
78 19
319 303
964 16
675 223
219 385
293 832
992 533
314 173
668 780
209 49
798 155
638 986
231 608
180 726
20 127
480 524
51 675
893 248
161 167
931 391
609 545
994 785
521 391
918 643
812 386
67 205
566 177
949 55
532 1
551 807
609 914
405 677
834 889
550 295
927 736
661 468
706 191
155 687
138 947
583 743
806 322
57 833
863 388
666 832
722 836
616 223
354 103
710 392
711 97
347 210
93 394
458 25
991 497
580 940
339 886
31 596
362 445
217 342
199 802
545 482
870 605
890 119
140 204
468 193
633 953
439 320
5 792
539 62
706 517
303 753
554 593
453 235
225 97
126 159
514 58
650 995
614 432
343 538
680 150
353 850
853 623
581 90
768 745
987 415
549 444
680 293
242 618
59 928
776 792
870 104
546 402
427 85
103 411
548 228
16 925
695 119
845 934
647 240
591 666
776 999
10 247
565 615
306 842
686 473
967 740
289 901
823 832
648 732
884 338
950 333
272 868
94 739
775 370
262 835
319 950
498 791
261 9
9 224
854 408
13 728
56 37
697 83
721 309
479 205
502 870
549 631
492 328
682 168
616 172
598 12
601 792
801 366
754 262
132 24
795 840
777 453
942 521
725 391
506 79
666 983
532 318
92 270
236 915
792 821
686 176
89 35
909 418
696 465
400 254
718 786
918 336
540 194
335 454
230 664
93 176
899 101
780 288
28 541
783 671
54 517
472 186
700 612
117 171
616 774
306 298
770 125
537 670
793 772
791 273
996 773
228 751
83 228
106 207
15 779
618 208
577 542
121 394
106 94
371 86
897 919
239 350
611 747
651 128
376 824
124 686
381 57
115 147
85 821
565 635
567 413
536 367
609 655
183 404
190 400
270 996
270 520
920 125
466 795
823 926
289 18
646 54
19 412
691 939
232 68
431 748
76 205
938 240
793 223
375 67
488 381
772 383
445 881
48 965
892 222
351 123
776 198
503 300
251 191
53 493
200 879
8 34
963 522
806 116
106 732
378 921
537 830
661 960
593 906
944 893
482 843
840 841
931 530
672 460
852 240
736 537
41 873
80 769
597 56
361 708
144 885
272 179
329 38
828 472
563 797
927 260
305 61
527 766
89 998
1 260
338 63
11 879
451 356
470 704
418 871
954 277
348 228
150 278
200 51
474 702
21 43
704 483
98 846
462 407
263 162
625 935
989 414
591 382
618 440
517 732
257 382
884 283
152 84
482 800
15 291
778 27
413 484
786 638
678 321
368 593
61 530
946 888
801 91
626 208
829 557
940 394
9 56
149 483
66 59
892 115
233 538
667 240
218 998
369 202
186 896
726 14
697 500
436 328
27 317
264 217
66 221
329 362
91 690
386 724
169 220
353 431
446 688
450 559
714 928
566 641
863 65
424 430
957 28
995 985
685 401
713 125
353 137
874 573
622 523
18 653
737 739
774 936
376 325
620 88
567 611
41 837
577 267
33 192
585 768
373 320
407 739
505 641
213 257
914 757
554 668
757 435
63 573
449 434
140 877
665 186
849 437
775 837
483 883
546 399
406 983
654 834
362 828
128 796
715 880
699 304
202 901
223 893
10 208
105 86
361 252
107 512
128 139
292 662
453 131
950 503
511 523
21 289
663 982
962 385
390 158
102 660
362 25
94 772
459 441
439 743
617 237
411 570
798 954
693 128
587 901
327 646
698 374
458 755
440 90
683 502
26 927
704 907
320 752
790 981
755 488
997 363
873 917
316 960
347 618
99 477
815 499
137 248
216 351
749 139
990 655
501 322
416 784
715 148
588 926
829 388
983 62
394 971
696 327
19 474
972 396
406 302
371 350
277 563
651 345
446 910
178 24
641 848
624 40
587 188
666 261
494 922
710 58
969 460
164 42
37 292
388 452
956 222
979 167
83 90
600 176
158 520
287 172
145 643
885 209
723 170
542 658
743 23
927 476
201 180
707 638
187 214
405 147
776 793
284 836
643 582
17 866
966 540
290 213
932 644
145 830
816 181
584 209
489 403
223 742
884 164
246 781
281 447
953 415
158 87
531 539
369 342
349 984
453 810
428 600
387 885
722 628
247 435
104 163
588 333
203 809
388 141
191 344
937 54
714 518
640 685
181 707
773 911
773 856
43 750
118 166
84 498
189 811
70 709
577 183
759 171
818 699
136 314
959 650
619 941
568 285
622 592
218 666
662 763
205 836
773 562
235 53
110 963
724 665
239 677
353 34
830 524
580 679
874 388
982 987
883 622
684 901
705 422
549 908
594 918
793 317
227 823
638 343
803 254
460 724
993 220
7 406
690 276
788 761
603 541
235 975
159 235
806 914
272 389
404 130
689 84
618 50
429 337
698 234
326 731
186 454
172 245
979 767
893 93
72 417
440 325
258 970
246 873
337 67
319 247
926 68
363 975
820 975
760 893
891 469
105 328
638 866
181 99
241 312
665 763
943 163
246 523
906 128
751 49
266 291
437 314
185 465
955 693
26 983
480 787
708 923
322 74
622 65
8 453
818 85
119 89
191 380
861 784
401 234
574 951
612 206
407 308
212 732
263 944
129 426
550 140
644 193
387 184
977 584
688 645
728 370
321 940
855 555
752 328
43 603
762 913
276 594
239 987
592 432
186 577
355 426
207 985
526 455
804 749
17 213
867 327
904 731
173 458
377 215
31 956
932 137
491 171
511 164
670 247
577 302
953 784
689 948
174 76
639 184
857 396
205 586
900 574
656 202
197 230
969 21
236 524
954 419
112 514
205 731
357 992
25 583
513 480
586 790
440 916
153 497
409 70
693 759
573 334
37 687
229 439
133 87
511 530
561 190
662 412
665 360
719 677
318 326
394 190
108 878
968 791
509 745
974 269
78 326
202 695
742 985
786 296
73 838
241 292
369 495
722 429
299 388
975 16
472 976
502 944
682 847
220 898
7 354
427 344
30 647
967 866
588 149
806 292
455 142
587 343
290 931
866 386
919 396
556 586
818 609
640 661
700 541
972 282
529 120
479 314
503 416
14 469
416 868
165 23
576 898
321 825
50 473
673 728
972 504
331 448
80 704
799 633
66 623
123 610
676 500
633 817
300 544
27 888
28 471
31 912
249 507
708 662
434 813
715 644
560 579
872 821
305 88
664 545
663 301
228 672
444 613
893 690
789 375
920 506
296 564
831 748
286 131
390 482
263 112
909 574
931 218
236 790
846 491
210 377
170 293
628 167
409 661
370 286
949 787
343 36
63 891
699 820
2 540
738 786
760 838
209 64
159 598
971 596
848 281
367 787
685 650
29 102
267 561
203 959
646 255
302 259
323 486
623 179
860 519
293 851
293 642
13 884
759 191
227 130
929 922
548 868
475 592
890 433
651 629
835 464
56 393
498 546
251 358
496 79
60 320
443 584
27 137
108 52
364 78
537 836
64 178
412 756
930 889
368 823
277 562
903 674
766 512
839 844
60 21
541 706
377 143
409 584
205 897
23 240
10 689
802 693
361 643
206 277
44 400
707 720
180 880
659 616
953 688
501 55
383 647
85 578
598 878
512 625
231 851
823 15
571 222
335 977
374 889
103 405
395 420
879 276
898 277
96 173
258 628
963 297
586 512
989 453
557 129
560 171
688 112
63 840
687 32
324 356
897 196
147 293
973 81
993 627
833 710
25 897
941 755
67 26
323 164
306 938
359 499
890 640
651 802
357 333
802 458
109 284
91 817
203 859
459 309
150 906
389 66
962 132
375 121
857 490
825 132
117 930
730 397
929 934
514 972
237 9
518 304
179 432
324 847
735 175
347 742
386 746
313 570
598 125
691 269
912 558
731 540
189 72
191 654
550 67
627 844
459 718
904 849
430 445
363 106
1 739
591 752
649 995
375 142
695 540
92 313
16 416
219 683
187 329
746 584
553 232
758 819
680 804
357 634
233 420
641 605
370 759
222 620
561 294
619 488
125 383
608 775
55 20
707 605
719 874
552 334
2 819
901 933
3 630
566 201
372 319
724 980
319 272
806 994
823 896
917 75
909 771
128 116
171 425
118 393
281 410
51 876
91 127
368 984
204 310
112 992
816 944
926 181
553 803
188 991
863 538
403 24
833 595
890 676
228 3
581 513
694 800
270 244
336 164
801 46
206 279
570 940
53 201
327 478
795 520
962 27
711 372
288 54
821 212
700 907
41 258
459 63
846 697
886 789
778 520
30 981
973 667
761 493
925 600
50 306
469 460
696 256
833 233
867 249
778 874
586 339
470 357
31 959
841 359
948 525
879 795
202 427
990 128
745 707
139 470
693 931
701 503
511 308
773 600
582 73
845 697
112 515
990 418
408 260
444 578
728 717
154 912
681 569
408 179
262 306
798 384
177 458
90 605
452 68
200 53
571 6
174 348
500 840
506 781
270 712
146 938
519 495
44 13
545 782
216 922
656 663
119 504
615 471
124 402
161 152
110 229
147 349
241 330
224 632
544 967
545 801
143 137
219 319
185 387
683 396
216 105
29 50
602 244
186 208
180 386
161 568
904 350
228 438
470 479
11 893
27 398
356 466
350 240
249 387
673 353
201 608
398 138
903 923
27 172
467 421
527 235
469 383
752 373
240 89
293 33
22 993
777 364
815 172
339 863
655 343
416 724
933 17
754 558
536 709
792 879
226 247
905 560
452 597
325 320
1 555
588 681
511 202
916 209
374 342
888 738
524 784
121 245
282 162
490 450
409 602
349 413
409 88
961 539
782 539
434 701
426 765
499 417
875 842
604 260
932 275
664 593
560 930
157 492
340 934
34 345
362 826
21 77
614 68
742 9
814 650
11 107
505 850
197 908
533 226
746 565
864 135
223 607
756 413
59 871
944 47
837 700
894 295
882 366
43 171
566 5
197 686
205 147
454 988
635 546
263 567
780 739
133 126
254 672
185 415
114 79
276 962
902 138
685 538
709 37
161 390
700 877
661 465
845 340
463 753
462 988
657 614
584 706
34 767
473 5
881 384
721 351
262 535
191 439
982 390
285 942
136 621
967 214
296 409
646 425
226 966
583 774
30 898
877 229
971 96
170 910
62 307
544 30
566 867
771 281
232 807
521 493
444 87
579 756
586 280
199 799
827 542
207 304
100 672
212 90
984 499
314 566
938 556
775 511
409 139
687 344
461 916
283 622
561 567
240 513
991 950
525 478
448 990
361 275
415 10
295 608
851 208
889 773
64 308
837 493
270 870
162 311
254 177
82 510
598 990
548 231
533 149
201 404
239 180
189 991
334 152
319 332
659 739
452 291
829 594
837 28
628 511
133 648
850 906
959 316
476 856
817 339
324 357
902 84
815 861
1000 178
272 871
441 944
850 684
693 226
879 203
556 862
493 962
178 12
85 338
899 323
824 222
327 501
829 595
579 148
359 932
760 145
839 350
821 255
436 147
113 58
890 814
1000 270
602 462
623 436
237 409
14 849
176 962
212 297
412 315
929 647
669 733
1000 283
182 816
978 947
27 5
528 622
784 760
438 601
538 443
779 959
11 521
174 967
726 752
875 214
253 598
738 194
666 359
658 707
791 454
304 492
250 408
860 779
308 824
40 438
278 583
504 35
784 53
297 698
349 374
496 790
922 222
427 660
619 376
638 164
620 983
966 751
453 456
197 997
917 473
186 85
573 583
799 5
345 684
860 21
258 601
668 960
984 941
63 798
615 349
928 893
256 883
320 321
113 521
510 533
775 173
427 963
378 646
102 707
432 987
175 77
200 327
855 575
851 552
854 729
627 465
555 348
683 419
596 896
354 631
928 458
410 977
216 588
53 167
73 825
938 255
460 111
423 885
138 999
178 696
363 636
938 142
562 786
65 234
372 914
88 693
679 149
920 572
133 305
248 827
100 804
838 638
285 918
804 954
786 221
772 408
938 928
667 354
893 99
558 760
420 878
942 667
542 890
322 524
311 440
944 779
819 125
912 297
107 191
2 289
330 146
205 870
994 237
944 922
926 798
657 507
418 529
171 811
892 867
931 885
182 425
2 67
2 353
701 835
996 853
103 105
361 346
840 786
864 303
718 446
349 297
940 652
803 156
834 485
126 37
625 890
976 696
370 619
941 118
859 661
73 264
182 122
951 310
150 388
417 299
254 856
55 281
718 891
288 197
797 712
104 801
414 168
751 129
920 45
708 242
780 617
414 827
931 495
272 784
113 646
336 111
591 246
461 324
643 924
589 72
601 661
631 461
426 124
539 59
156 261
566 344
949 64
273 743
237 174
130 872
238 249
632 580
889 434
228 439
323 413
803 903
626 94
744 941
601 804
969 776
697 505
311 841
77 615
298 340
100 984
598 75
191 483
564 79
676 368
622 957
919 511
830 142
854 319
485 915
622 812
701 163
978 1000
995 986
616 389
672 407
786 483
846 942
961 847
193 485
891 650
965 655
952 669
439 376
666 300
98 442
117 78
687 214
162 991
913 893
453 76
900 581
500 233
173 189
430 212
639 94
657 719
790 968
202 351
304 259
141 332
107 342
415 17
914 752
866 665
560 980
137 869
422 38
14 817
577 683
970 683
21 219
520 662
567 32
127 633
76 765
559 264
941 491
430 656
306 674
915 560
610 642
167 871
941 165
854 551
890 585
192 800
567 454
881 635
879 464
348 408
132 605
884 378
466 559
964 306
638 809
864 998
848 283
385 563
796 275
627 711
1000 230
214 160
108 995
242 153
649 303
526 551
433 948
893 470
986 40
578 385
498 894
228 427
284 453
506 341
218 321
860 688
493 953
220 791
648 864
192 684
378 139
960 673
482 445
161 592
550 202
610 929
368 60
701 342
577 168
223 58
445 408
377 450
583 918
584 816
342 512
308 656
518 519
117 256
743 588
931 606
126 598
17 2
107 712
934 855
439 303
579 644
213 910
676 490
364 366
611 823
465 961
193 626
567 576
144 26
956 217
44 515
945 105
671 678
893 626
322 905
586 74
383 304
958 401
561 312
965 22
988 217
577 709
628 368
556 501
704 256
502 61
486 138
311 738
435 855
98 898
851 320
689 45
908 798
346 440
418 29
951 229
955 238
495 25
423 268
21 465
24 43
261 450
157 273
287 626
592 734
720 419
135 321
134 227
479 765
994 817
274 295
171 106
840 807
854 301
124 74
768 216
437 291
518 20
556 863
575 205
8 349
150 904
707 477
99 892
640 386
807 46
440 232
973 258
481 972
462 825
891 153
621 272
15 171
955 904
722 661
134 559
619 755
891 118
503 324
285 945
235 746
507 769
90 283
933 869
716 123
665 787
173 688
726 932
694 149
821 912
273 90
87 889
41 454
284 567
675 771
285 723
605 734
329 323
148 897
165 45
739 392
631 878
652 384
727 988
451 705
162 916
81 42
494 949
118 865
47 303
292 758
767 92
608 571
843 388
701 830
969 126
399 839
831 291
202 663
850 299
211 415
295 986
236 954
665 198
296 639
723 56
974 235
847 155
206 17
818 431
784 355
92 136
388 665
859 854
238 273
833 823
426 359
735 809
980 798
309 42
901 726
498 85
595 577
137 377
