1000 4954
567 900
342 418
434 899
625 412
238 932
478 119
722 785
724 32
248 345
835 255
506 683
947 599
315 631
486 598
537 707
248 445
868 394
801 599
620 749
658 171
686 894
293 344
383 785
223 716
859 726
597 394
870 216
997 416
727 673
68 354
514 942
16 205
752 50
73 396
968 914
920 72
348 393
498 76
540 299
998 124
412 489
655 95
547 303
453 982
700 628
832 711
832 734
9 184
444 684
555 178
670 973
838 83
697 11
588 622
4 869
30 711
958 226
26 67
262 96
27 678
319 145
158 256
802 173
517 335
162 643
333 256
501 60
65 301
147 857
521 166
613 381
333 576
686 86
30 111
505 593
658 655
991 80
521 311
809 739
365 762
332 883
97 303
904 137
482 822
919 124
670 933
852 178
984 993
822 988
587 306
498 794
806 591
678 400
898 337
256 668
574 763
187 343
995 89
388 393
389 5
119 51
656 190
947 922
553 136
791 789
424 445
500 122
830 869
285 282
98 858
791 813
162 71
473 125
187 654
848 580
61 766
31 345
409 550
983 84
159 973
185 596
510 670
349 772
904 176
137 985
853 243
121 426
466 736
105 288
929 707
708 301
351 891
553 162
3 780
30 686
61 533
153 812
67 297
340 326
910 21
90 970
732 13
502 209
825 72
754 30
754 427
607 863
313 284
974 118
99 920
61 49
540 479
273 507
781 344
527 345
934 2
360 726
822 58
91 44
885 532
233 683
764 394
404 391
79 669
151 32
444 46
465 300
725 139
907 943
863 241
533 935
701 983
53 782
171 143
131 505
738 435
79 770
45 750
965 813
620 563
181 877
897 435
422 941
12 570
99 816
98 280
874 386
542 71
727 402
88 628
195 312
472 979
143 56
474 903
278 346
460 601
565 372
304 705
322 173
278 194
913 89
823 511
272 308
182 965
898 24
724 794
99 849
162 850
219 978
769 887
493 282
679 711
98 620
976 252
115 344
371 143
115 409
463 104
819 399
907 821
33 554
461 882
659 842
144 56
218 83
950 256
185 983
525 86
521 480
10 833
979 829
376 870
857 440
503 445
909 666
325 190
232 945
476 559
37 77
702 767
849 117
613 987
397 829
175 984
654 685
784 690
33 372
30 838
470 803
30 402
67 417
883 467
717 696
421 331
522 877
887 157
759 829
563 741
105 733
894 241
969 158
589 605
513 154
691 775
937 274
495 142
61 293
707 558
299 557
764 882
484 615
341 943
395 388
587 558
344 999
417 690
285 42
66 243
112 776
66 506
612 302
280 441
797 545
64 939
121 558
299 681
790 336
269 873
418 110
916 209
853 140
178 236
798 878
817 778
586 627
570 92
127 794
109 377
169 784
938 686
831 343
134 13
355 791
113 200
817 397
670 889
68 180
45 201
509 884
531 30
973 253
58 949
917 431
332 705
654 565
242 473
406 566
575 932
445 617
998 10
424 285
781 37
507 967
1 1000
74 750
769 774
497 535
331 728
760 107
977 667
541 314
489 485
727 882
35 808
389 983
821 986
861 541
849 179
438 827
438 364
481 721
98 107
426 428
619 26
195 105
452 344
328 177
626 72
40 635
865 126
760 39
408 692
913 201
183 395
728 690
323 886
761 733
966 203
268 944
18 763
682 524
502 656
277 414
682 165
607 933
996 236
815 359
66 377
545 839
355 44
469 167
642 292
290 826
312 734
976 555
98 243
977 201
704 911
727 145
267 643
90 937
606 924
536 685
496 623
760 300
334 323
823 256
45 447
891 252
760 207
432 780
185 390
775 123
781 904
37 528
437 859
187 696
795 268
408 699
27 364
787 748
945 139
156 8
361 637
912 379
573 935
575 633
181 31
242 530
205 383
314 403
910 393
355 707
232 120
195 396
742 989
70 733
454 188
322 458
899 653
721 737
613 110
172 31
150 590
138 411
889 252
129 653
159 504
342 513
54 31
323 810
231 757
277 377
207 854
373 634
157 723
641 827
677 173
182 709
759 123
682 184
223 525
385 838
23 47
886 125
389 443
530 683
413 37
14 157
936 973
276 867
312 142
99 640
958 404
655 648
157 32
88 996
658 464
895 118
642 684
807 170
441 789
9 249
264 335
564 816
981 206
395 305
960 767
456 174
2 479
712 949
204 76
642 922
941 358
247 46
138 942
855 480
268 318
159 98
325 827
629 442
199 790
554 477
973 480
471 177
389 334
522 401
927 932
895 238
659 113
751 32
381 789
311 674
679 665
131 456
159 964
904 72
957 962
701 752
182 652
874 251
490 963
967 87
769 122
535 627
7 964
518 615
439 922
888 263
842 136
444 874
601 51
802 715
819 347
33 228
35 693
752 129
694 971
292 249
844 830
593 951
280 737
463 718
569 788
27 636
374 597
939 352
269 76
859 417
25 84
260 827
604 610
331 72
224 691
703 700
480 557
701 681
547 777
948 233
17 275
208 958
272 857
504 685
721 699
167 104
881 544
8 4
134 371
323 440
31 552
563 636
983 394
605 286
290 232
18 933
195 445
593 543
977 354
650 344
460 991
816 757
71 869
433 983
603 296
968 123
418 731
368 177
976 934
649 475
632 637
172 334
635 814
47 451
486 737
644 246
507 710
988 789
679 243
973 402
868 867
298 154
870 635
373 49
376 629
485 317
324 32
324 765
59 288
271 918
169 143
739 352
244 511
262 234
429 347
527 188
535 236
783 669
938 256
42 477
777 755
596 78
907 112
158 609
620 820
196 137
987 731
604 587
91 501
605 282
934 225
511 485
59 236
333 152
355 552
389 217
393 843
737 709
12 158
643 448
159 995
207 837
609 62
385 400
332 643
244 262
902 68
355 697
356 569
622 914
739 610
74 121
940 166
645 628
332 356
17 970
31 734
182 926
109 673
722 953
480 175
316 285
268 774
69 504
286 118
52 157
966 916
698 549
918 82
856 135
665 558
150 705
542 518
465 718
162 908
855 388
766 364
325 708
548 36
825 849
361 701
519 173
595 4
634 738
194 695
12 356
901 540
549 757
21 442
609 416
416 684
350 615
350 184
59 630
855 959
26 207
599 447
964 403
131 102
496 680
953 102
383 922
39 759
942 787
354 493
49 739
579 252
893 558
917 170
160 323
355 767
625 564
643 859
854 600
19 85
287 700
186 437
258 966
818 610
856 518
504 411
624 724
548 507
936 435
846 118
246 688
224 607
152 492
79 356
955 451
619 812
856 234
837 515
895 636
470 212
589 972
861 466
424 425
773 299
885 97
61 948
580 366
37 602
505 330
266 303
568 472
182 6
898 824
495 910
115 33
227 261
373 302
110 222
175 45
370 514
655 375
968 151
397 35
91 472
890 67
899 746
845 207
478 747
349 974
706 685
211 428
965 672
747 757
90 84
821 209
771 846
810 415
613 196
780 379
298 872
376 657
512 558
547 810
30 174
326 288
901 761
664 78
314 741
810 558
760 66
846 676
283 127
66 869
853 915
607 979
620 598
893 572
182 867
533 372
701 157
518 573
315 245
613 934
870 50
727 375
130 860
251 400
288 544
642 963
900 962
79 197
589 789
295 118
907 493
105 173
857 816
548 372
532 663
271 313
555 319
178 301
424 213
280 890
635 525
409 922
891 42
686 339
322 812
490 897
773 965
271 430
590 534
991 686
4 43
888 788
425 122
170 904
603 249
138 459
484 902
858 602
658 932
456 896
128 173
754 890
847 636
298 757
298 78
229 27
599 140
171 900
451 474
438 125
270 631
624 338
551 546
439 528
795 78
798 46
134 956
212 52
909 506
167 379
716 141
149 581
955 933
650 567
136 894
501 812
724 900
138 188
260 543
583 372
73 711
175 245
781 993
186 119
521 501
208 637
445 96
998 254
981 30
639 173
751 969
824 836
590 329
223 661
521 326
99 923
151 178
688 889
101 574
337 741
709 447
765 178
548 275
328 894
744 383
678 161
168 511
500 469
715 616
443 459
961 678
486 694
947 128
481 767
879 624
823 647
344 900
386 912
517 807
262 296
210 249
212 824
185 454
527 126
509 732
608 615
17 410
955 177
994 291
250 681
99 710
476 372
248 374
704 76
769 53
257 675
421 496
35 31
706 827
112 429
797 735
502 816
247 930
964 176
195 712
620 722
806 162
660 201
452 13
59 956
365 529
457 690
735 344
630 225
973 651
334 407
592 973
736 118
804 262
240 445
610 85
720 490
4 462
263 126
48 288
721 251
857 692
761 693
861 665
163 186
71 989
185 982
384 738
167 105
314 50
560 753
888 147
744 845
574 792
578 896
450 127
548 631
554 178
37 814
7 293
650 283
33 392
33 173
263 284
502 252
583 758
555 13
819 852
469 792
182 104
164 88
990 410
259 684
96 794
280 807
703 169
427 584
796 778
797 180
598 410
258 21
659 850
323 222
514 906
17 181
474 741
92 84
990 671
517 21
214 476
496 857
23 123
830 633
686 226
941 554
364 974
488 985
64 697
345 880
182 983
753 41
510 334
590 307
665 37
991 718
115 589
904 53
334 358
390 126
357 249
748 671
530 614
17 569
275 714
592 504
461 11
651 400
851 511
542 449
356 380
265 590
412 62
397 686
452 338
751 158
381 671
510 151
807 999
293 184
295 633
370 199
777 925
463 669
27 964
155 139
798 37
546 194
470 737
125 666
271 943
607 193
576 758
332 143
389 554
796 944
583 283
838 678
963 586
294 528
751 555
681 464
267 193
260 323
304 638
496 789
561 528
799 821
909 309
582 485
621 235
260 199
308 87
716 372
632 142
809 993
348 491
719 217
149 246
723 615
183 190
413 441
527 875
943 201
555 504
458 96
504 843
445 752
689 175
254 840
413 82
124 479
417 492
885 988
381 168
224 519
208 124
260 589
272 233
257 217
581 431
980 521
726 584
30 996
678 593
364 60
290 827
409 384
257 436
848 428
756 557
59 215
666 241
801 429
875 610
786 707
150 884
532 555
421 404
803 384
476 266
704 586
210 946
891 255
208 316
214 479
659 574
59 283
473 10
701 926
601 707
439 586
617 757
500 927
264 45
985 487
434 573
473 187
521 748
20 243
849 983
773 519
151 774
978 62
691 894
47 209
525 854
632 233
468 311
588 462
107 615
423 217
293 113
258 53
810 538
336 829
362 661
264 820
101 142
104 179
361 843
302 109
52 179
387 359
254 467
764 788
917 812
929 922
773 253
244 205
612 13
776 396
502 791
678 550
34 128
513 109
924 200
606 194
131 735
351 22
541 920
482 956
871 636
279 544
285 932
635 772
253 293
317 749
220 485
332 180
449 764
98 905
941 526
551 952
818 69
432 610
180 448
128 689
224 603
476 193
974 576
223 290
61 14
298 448
444 295
579 593
211 587
712 559
620 200
378 559
940 92
881 294
366 752
186 296
349 937
802 935
542 872
391 249
639 941
197 757
164 675
808 284
2 335
275 343
645 60
884 337
405 45
367 410
64 60
285 554
629 843
439 211
604 848
859 472
315 716
314 418
633 986
646 292
975 157
564 454
104 487
395 472
215 315
17 464
915 737
237 234
571 67
725 529
662 382
367 923
260 295
858 230
187 11
463 450
528 996
31 782
104 392
864 369
590 972
313 347
596 499
905 63
561 653
875 915
624 401
537 971
240 965
367 194
244 917
264 860
708 142
530 359
786 326
456 701
626 508
310 125
352 382
186 813
940 988
208 685
542 13
319 956
170 880
269 813
398 894
639 5
644 151
443 6
333 795
797 65
999 638
458 142
965 117
585 356
198 726
650 699
825 725
312 384
517 834
493 597
849 175
614 787
61 113
890 622
706 819
284 638
502 301
982 763
490 166
473 102
936 479
422 724
856 876
585 51
732 633
971 785
452 459
312 222
481 684
94 911
75 812
871 813
383 122
583 161
443 524
395 691
58 715
511 279
646 653
443 616
507 222
220 986
102 304
798 813
503 57
505 893
235 337
187 303
934 230
166 380
23 477
498 923
65 600
335 705
798 700
433 483
641 713
70 429
240 302
883 394
774 986
665 873
812 520
18 30
547 188
732 362
363 869
482 539
145 320
793 863
19 731
828 67
276 701
443 935
775 350
512 795
28 539
232 92
31 852
950 615
773 451
768 51
510 494
186 629
273 619
260 873
5 869
798 788
547 394
231 909
968 106
659 174
751 353
536 366
370 450
3 787
351 953
689 730
834 984
134 977
47 933
502 319
196 331
363 973
362 552
898 540
114 185
422 139
733 282
244 95
727 922
708 251
452 21
858 735
675 447
87 238
783 637
769 166
937 671
258 120
189 911
687 858
134 344
323 985
231 704
938 800
269 856
606 398
381 638
783 640
664 827
94 162
612 593
632 985
941 305
458 286
875 411
982 669
783 420
289 918
201 243
739 440
833 821
101 618
390 200
229 523
123 24
289 624
859 396
90 778
919 931
378 622
39 837
927 78
9 292
691 768
854 129
450 238
389 687
332 647
18 426
155 948
521 579
386 60
892 450
438 884
595 441
656 829
854 922
528 194
729 396
432 572
70 803
363 311
163 873
346 523
99 510
609 93
423 299
64 860
536 257
412 197
199 752
660 310
73 628
826 72
348 426
791 886
792 784
351 943
513 489
796 415
443 178
760 212
885 878
373 729
229 319
781 578
247 767
909 995
99 829
146 805
74 710
665 71
556 933
207 550
280 344
279 288
422 213
501 399
435 407
772 233
46 863
508 684
876 745
53 173
19 863
991 637
478 15
766 21
101 523
284 407
30 872
514 609
841 663
680 222
311 974
310 882
370 841
151 44
154 368
233 519
66 516
124 979
949 750
290 915
662 664
683 200
461 411
205 342
298 358
850 843
943 161
322 188
378 645
786 518
215 75
625 396
588 528
699 72
115 633
31 154
649 262
686 747
672 731
584 152
88 274
645 515
364 122
458 550
58 35
774 736
313 716
483 562
544 80
193 358
493 736
175 50
379 485
567 827
842 278
208 835
700 339
3 783
678 618
137 846
724 707
166 22
548 529
897 836
711 572
187 842
919 629
722 873
172 432
808 685
437 995
33 542
802 388
931 750
566 542
978 414
974 197
106 24
371 615
264 875
941 591
461 572
486 291
456 725
442 544
175 741
421 513
351 446
613 983
613 610
870 282
924 499
818 842
59 115
378 504
488 344
106 911
970 810
607 68
184 923
811 809
298 652
297 668
691 261
151 979
269 631
229 559
505 609
659 982
508 384
91 95
533 428
219 335
847 366
168 399
166 942
251 611
488 368
955 472
69 230
215 267
879 821
187 586
902 592
12 676
776 989
443 830
505 213
378 77
655 293
624 813
179 971
420 669
20 311
811 137
680 615
928 630
300 410
82 306
196 945
421 138
541 578
862 138
595 927
215 642
298 887
405 945
65 640
482 878
164 580
818 353
940 686
821 820
806 743
475 334
276 277
421 642
958 930
596 161
292 823
137 412
728 420
11 992
604 417
773 49
589 1000
381 419
218 967
314 971
681 952
793 675
810 515
957 165
832 119
351 673
635 896
164 701
248 746
703 299
571 815
349 267
794 63
244 234
355 380
263 746
565 683
395 216
430 756
658 991
215 685
91 60
401 305
367 41
700 165
538 56
313 848
333 471
761 382
223 210
51 84
102 668
31 526
16 36
345 441
553 695
571 176
755 194
792 120
332 145
993 713
79 786
760 684
192 190
265 216
428 358
820 910
395 390
508 856
145 779
773 175
385 236
345 262
832 563
444 284
445 394
856 986
230 309
912 924
292 282
218 203
665 551
961 212
955 221
943 923
15 663
365 460
715 453
844 137
720 451
57 755
386 971
828 918
557 763
465 834
593 778
128 880
265 990
468 774
160 63
72 177
948 946
625 464
474 653
722 869
224 407
186 722
47 377
879 545
289 974
107 617
933 813
368 636
312 729
404 522
208 448
260 153
995 563
687 329
47 516
466 776
195 218
69 535
98 325
806 499
340 477
807 597
665 478
649 436
962 959
484 228
213 477
859 557
15 668
968 638
58 193
808 296
19 140
441 132
538 992
224 681
280 822
687 709
887 775
121 791
267 935
306 630
218 801
700 944
644 837
756 194
389 250
793 435
957 949
743 882
589 709
564 957
563 610
512 528
320 770
824 343
192 259
57 104
39 296
960 732
725 84
217 515
311 562
803 887
943 683
549 774
571 818
130 843
131 840
888 942
387 722
702 138
289 321
338 124
3 80
949 684
507 137
285 436
219 118
57 407
682 191
112 177
585 67
406 599
79 183
942 243
460 89
259 719
476 340
793 436
647 305
208 697
655 472
891 425
447 256
13 992
507 123
325 542
490 424
454 745
509 967
916 10
342 454
371 423
695 177
907 86
283 621
585 368
885 170
492 894
348 618
247 949
423 488
830 824
28 274
215 615
311 221
270 805
641 87
950 475
646 863
295 615
27 359
672 544
432 518
696 118
364 895
405 835
861 506
901 835
386 432
356 584
187 558
801 880
215 872
320 126
1 420
919 711
437 478
946 710
664 440
300 912
209 794
357 577
819 225
801 446
511 19
312 605
546 60
888 410
5 11
888 369
564 673
250 169
916 894
89 800
770 358
825 238
902 671
352 836
738 399
991 963
406 426
414 415
797 293
289 797
139 557
983 979
103 718
679 583
365 486
38 92
921 920
251 21
83 770
667 550
313 551
525 839
160 458
588 599
75 620
253 436
850 426
310 710
29 690
250 65
658 448
640 398
606 290
53 674
114 997
590 973
2 586
976 929
4 245
957 76
651 497
802 908
637 515
679 400
571 694
317 733
438 579
536 894
721 552
904 226
851 528
887 440
46 816
503 695
948 925
606 92
970 757
590 826
497 236
717 286
776 330
429 714
546 420
603 96
508 882
172 651
455 378
649 328
351 752
501 669
981 675
765 129
548 377
968 562
182 829
254 926
384 425
457 165
34 497
439 77
336 946
464 282
781 716
119 935
548 51
503 35
537 979
648 714
791 393
632 750
873 177
893 174
696 813
509 122
255 63
289 545
832 757
664 41
601 146
156 586
468 927
67 81
968 938
532 43
153 185
664 814
607 886
385 211
182 997
761 15
230 945
858 492
565 408
569 657
183 415
847 514
61 734
500 513
490 792
287 22
253 343
167 549
365 200
917 363
495 676
406 522
704 733
797 965
101 456
498 284
692 87
486 178
131 699
179 883
382 661
614 525
205 730
57 984
443 357
349 746
818 781
969 736
333 955
851 655
249 558
820 435
786 127
573 178
806 433
421 515
773 771
825 602
577 824
504 39
895 213
16 520
453 749
183 41
720 65
59 231
98 22
852 710
496 453
853 681
670 339
598 796
582 241
838 442
786 651
252 358
968 655
273 815
740 419
610 189
495 685
404 793
597 441
279 188
481 985
525 335
910 600
158 221
469 542
509 449
642 173
570 686
739 221
740 354
170 925
83 92
373 178
944 563
708 779
754 844
264 796
69 169
571 169
701 136
919 631
116 970
311 252
186 637
832 472
298 83
724 139
12 778
298 519
639 792
806 315
438 298
315 364
406 478
300 693
923 986
874 171
340 86
560 902
470 891
271 352
698 925
53 823
111 704
538 393
901 174
730 135
61 885
541 215
835 83
420 414
214 380
895 638
397 383
128 765
504 690
898 647
840 393
131 994
498 278
649 174
116 598
246 525
617 175
66 447
1000 843
57 671
888 643
841 796
825 493
272 563
366 410
811 948
115 35
868 120
977 730
632 675
764 908
17 151
488 175
585 263
553 960
801 514
348 126
947 31
849 138
581 563
302 398
742 736
232 735
998 894
359 403
162 845
58 478
971 699
370 629
46 454
315 476
406 64
798 503
523 959
585 923
548 627
328 396
625 989
969 31
757 189
577 228
109 309
426 143
607 516
409 768
413 749
12 816
588 279
589 107
440 746
423 735
349 614
468 869
131 737
873 975
858 448
656 867
434 78
755 120
899 528
496 928
613 821
941 691
97 640
513 84
560 810
609 515
538 84
115 326
388 485
870 137
500 991
981 631
229 653
46 446
508 678
17 962
108 338
811 577
111 707
167 60
667 383
541 346
651 883
212 923
218 559
397 450
273 745
879 322
532 952
438 859
811 930
496 584
75 633
112 427
389 147
10 143
907 407
340 252
88 77
730 388
948 499
640 932
254 932
536 331
75 889
901 701
153 535
116 909
634 846
853 442
395 638
781 435
732 701
434 984
116 465
109 602
312 282
219 199
703 471
287 704
565 144
398 76
798 389
746 986
647 544
510 927
179 852
364 534
163 142
588 520
438 931
717 929
691 561
885 992
691 903
376 859
439 261
711 135
987 646
452 208
916 380
347 836
991 407
6 630
353 970
904 550
815 622
963 228
503 601
533 911
201 238
807 431
549 281
619 972
302 518
670 779
812 45
285 972
641 883
987 420
331 198
421 933
404 394
537 501
871 228
578 734
260 30
649 524
528 282
212 826
620 558
714 593
553 770
300 345
312 709
421 109
408 900
795 359
465 632
219 897
250 819
844 959
217 789
954 460
592 967
509 774
774 292
831 477
614 39
432 478
556 362
470 815
181 168
933 19
510 572
899 338
665 379
336 634
443 190
465 855
687 403
981 263
133 812
159 42
821 819
811 670
697 944
865 867
594 96
632 369
355 714
148 424
211 132
504 303
412 949
74 814
272 922
58 529
526 730
408 576
12 983
329 403
379 538
960 616
566 664
160 902
717 334
754 472
795 302
849 651
503 686
832 999
870 624
542 779
727 750
548 217
233 382
417 615
215 684
418 792
242 74
438 256
332 771
408 286
172 852
119 48
546 201
123 301
967 667
954 297
40 84
151 416
679 488
134 749
34 788
26 812
284 154
527 78
638 690
604 998
866 175
216 399
646 690
168 525
405 309
578 713
61 403
580 741
496 845
853 124
977 631
68 110
16 124
372 202
271 201
790 978
555 628
976 975
42 410
341 458
655 236
181 782
108 655
404 596
327 608
833 412
312 414
158 119
686 701
634 252
665 793
3 539
229 735
306 51
327 235
596 823
984 696
472 388
371 481
26 146
601 752
287 102
193 982
677 231
13 176
879 181
776 105
478 412
687 328
66 857
971 479
103 508
211 812
948 303
35 209
625 561
937 940
298 511
429 975
812 673
506 81
409 671
585 131
89 281
324 987
145 479
698 31
864 779
809 459
994 739
793 257
888 535
905 146
320 414
853 914
892 691
527 311
931 399
398 241
265 564
39 705
421 774
153 869
443 306
338 782
619 675
981 387
639 251
568 35
742 778
697 206
2 719
259 400
313 695
206 87
772 600
980 205
620 212
621 226
895 903
89 932
363 487
769 730
57 262
535 726
124 736
495 127
740 688
338 999
870 788
319 173
802 217
876 48
967 951
606 634
969 88
204 629
701 854
978 429
482 883
391 794
545 236
357 459
33 602
413 41
779 398
899 949
232 711
919 430
473 742
613 725
360 176
74 172
568 42
469 728
625 15
715 871
437 911
258 51
339 637
868 936
596 53
564 296
927 335
512 647
322 906
214 779
418 717
128 144
844 382
460 170
23 870
101 578
450 581
599 882
610 375
248 152
363 561
571 699
679 193
457 770
149 513
538 29
865 695
498 964
872 959
37 678
484 695
325 559
490 948
15 274
108 208
532 485
790 705
629 845
766 745
463 86
578 830
546 403
486 989
470 635
509 863
900 664
313 43
956 991
862 989
371 994
452 368
115 982
395 306
198 730
734 952
366 758
916 301
855 973
152 29
460 622
968 849
934 852
907 610
861 179
969 841
289 900
658 212
588 882
239 806
496 149
810 436
884 339
353 167
799 576
981 301
931 221
838 494
16 774
624 491
606 687
404 696
663 552
522 77
501 738
445 53
260 302
943 668
547 95
929 317
884 524
850 704
79 448
736 479
533 369
527 180
44 56
812 169
26 428
172 597
322 924
966 477
328 321
589 345
348 599
455 856
189 843
336 257
890 936
137 139
449 105
654 526
607 618
811 685
888 233
284 764
135 544
462 752
998 486
502 347
75 732
622 326
987 492
435 398
369 169
510 267
380 301
422 290
890 636
405 592
905 287
355 208
330 171
891 553
395 467
622 317
625 50
571 90
862 178
460 986
817 641
960 813
340 640
269 241
930 813
825 731
74 411
151 459
719 132
545 102
818 188
114 594
912 459
740 903
508 593
531 403
751 889
130 991
822 544
114 133
242 974
760 879
137 951
27 944
302 908
186 48
218 398
606 41
75 662
181 422
227 780
823 710
862 466
321 246
114 20
556 963
772 550
98 359
775 127
687 854
491 89
818 441
489 29
318 391
950 154
201 118
832 779
94 182
123 696
777 752
83 707
651 686
657 685
583 118
359 221
469 306
659 171
74 386
19 946
434 590
917 624
705 236
663 979
172 730
428 295
247 577
378 323
507 358
824 89
413 526
517 527
898 193
582 893
149 395
461 798
144 519
657 975
17 296
588 404
606 79
626 492
572 784
918 780
721 448
557 399
889 89
104 700
232 820
835 584
798 604
88 963
267 577
967 63
736 959
219 328
319 321
976 67
206 630
227 943
48 43
461 559
965 554
326 877
834 992
349 145
333 762
20 65
112 930
884 843
862 307
541 44
666 142
27 580
874 724
356 835
412 557
966 140
808 678
589 213
855 201
665 880
351 125
133 202
812 21
926 814
269 266
361 584
333 384
641 369
454 693
721 675
386 35
957 141
960 671
830 574
7 28
542 100
545 779
692 206
578 237
269 854
201 557
798 933
454 338
771 611
774 765
26 983
23 811
583 100
585 285
384 996
955 802
172 310
599 339
231 117
191 431
244 771
34 553
271 889
509 734
609 77
365 516
224 356
314 931
775 882
868 336
338 839
429 306
620 126
603 478
31 600
842 477
182 106
990 839
991 190
166 133
960 575
79 718
703 358
890 347
426 993
891 910
319 617
13 814
585 437
917 501
588 281
45 396
954 479
827 813
293 299
371 608
936 24
795 196
229 22
963 839
657 656
782 962
359 200
325 893
1 258
365 33
79 297
370 281
5 80
780 44
439 295
474 126
613 561
792 897
650 93
318 295
265 185
818 897
730 152
549 63
509 466
218 486
807 225
735 836
416 222
170 230
815 507
975 927
834 202
766 785
3 30
471 65
736 62
310 522
376 35
79 538
297 986
819 824
781 663
585 271
342 155
604 554
937 982
717 837
438 293
786 317
521 170
902 985
861 535
393 140
319 226
138 634
30 83
144 755
30 230
35 100
273 356
592 241
59 439
495 301
341 142
229 192
796 491
360 654
644 661
818 453
268 524
531 699
159 538
471 233
806 20
244 396
791 672
37 344
117 880
336 692
703 404
997 714
641 896
969 634
260 474
821 839
354 964
330 932
613 273
867 554
334 210
135 487
670 317
340 253
855 686
786 806
851 830
518 412
40 294
332 791
649 486
885 717
136 143
463 241
502 281
180 822
18 664
186 592
701 117
977 95
244 445
465 440
156 404
33 540
532 111
643 21
900 383
779 301
5 965
685 417
227 428
246 472
874 490
68 114
34 190
218 252
99 443
423 253
546 799
702 753
5 757
650 161
607 627
376 22
965 759
341 867
522 765
540 554
858 226
849 523
518 957
902 971
597 417
33 528
616 992
229 557
947 133
640 177
141 529
732 303
701 63
290 931
347 203
536 951
59 453
518 763
921 85
795 898
376 875
47 364
13 396
101 224
116 803
570 161
551 321
274 952
791 694
224 952
886 880
206 557
409 167
335 924
619 599
448 843
488 680
912 629
33 201
217 788
299 927
532 530
3 283
760 276
905 891
319 136
231 282
838 262
968 587
646 190
571 332
590 13
224 50
314 991
921 173
299 667
502 934
817 858
203 420
344 256
555 940
359 491
665 176
153 913
79 322
465 999
156 540
340 481
512 114
131 409
54 457
347 369
313 628
831 953
904 582
390 122
121 246
751 62
766 710
322 935
287 203
215 830
509 359
384 506
613 189
117 11
551 558
780 120
193 690
371 288
677 634
470 488
716 523
163 925
555 824
9 440
834 602
248 425
580 106
121 464
798 762
802 627
892 702
796 812
445 282
950 977
717 431
898 715
138 992
974 173
994 138
975 971
155 906
482 982
102 984
13 927
322 783
349 27
254 696
699 86
57 535
244 663
478 410
555 398
906 337
945 295
488 288
90 28
953 487
609 146
457 768
168 669
672 487
465 823
798 153
838 368
381 701
34 743
660 791
735 317
220 721
521 564
646 294
831 644
796 343
139 515
451 757
977 506
17 163
842 411
973 62
25 718
740 340
995 676
316 899
887 154
474 516
798 955
948 764
605 882
808 127
936 22
475 690
64 574
702 353
116 203
961 50
587 56
718 986
431 210
967 945
324 949
172 343
109 788
395 65
159 156
451 538
313 316
613 318
560 134
462 177
541 423
688 805
564 259
123 85
451 416
35 618
273 161
609 4
293 275
422 692
150 338
203 673
30 441
857 552
677 930
969 377
71 489
128 417
411 576
810 932
95 487
61 307
762 759
500 770
963 426
355 957
856 165
486 800
506 41
234 210
967 100
532 10
290 653
734 202
481 572
916 282
224 287
369 983
549 72
902 912
83 84
530 599
947 652
612 700
659 137
130 690
976 958
974 89
740 100
831 496
198 119
627 477
851 965
122 959
104 222
569 9
30 746
604 174
715 863
196 601
334 118
385 414
98 465
777 71
771 211
561 805
778 805
857 177
324 645
270 4
290 990
535 520
250 189
977 632
465 963
818 73
121 911
412 301
160 446
797 196
475 221
99 833
461 294
903 576
904 610
101 752
890 154
727 796
565 540
871 72
587 515
535 56
419 127
607 470
555 33
495 391
830 485
688 398
45 436
333 505
269 395
880 43
735 296
650 624
902 929
870 586
248 453
542 993
263 775
490 949
641 275
74 692
121 254
367 741
280 949
239 503
428 610
503 485
227 803
659 883
892 488
841 989
806 395
328 598
131 340
114 516
888 260
783 629
835 169
244 317
583 906
451 93
532 873
127 286
436 228
130 859
831 366
496 460
70 899
297 576
134 126
94 357
624 614
512 985
359 379
89 184
531 388
883 837
310 819
849 949
956 911
314 318
571 594
890 785
246 358
47 708
934 670
861 774
490 699
187 884
629 640
360 990
958 387
626 587
463 94
223 370
670 535
875 118
355 155
470 627
819 117
953 992
219 177
160 34
258 712
186 615
273 630
8 347
117 637
873 999
776 225
17 531
770 572
864 372
510 948
112 308
133 77
580 923
995 489
490 788
752 591
106 544
387 716
826 237
938 483
594 820
204 611
61 869
905 141
961 824
999 661
230 743
855 913
567 235
88 139
546 483
455 487
95 689
918 883
61 343
561 22
248 322
321 412
229 529
162 526
913 846
914 84
861 379
590 284
849 840
460 987
834 850
997 294
998 188
618 557
682 261
658 538
509 278
879 395
865 627
682 758
3 806
264 614
907 460
781 149
858 402
766 467
35 142
452 423
610 636
94 405
756 184
313 466
242 825
371 218
460 748
409 326
687 31
484 475
266 431
565 777
472 173
199 511
328 425
806 124
130 440
258 686
3 964
155 416
599 563
691 274
130 62
748 494
198 701
677 363
806 65
864 216
953 127
594 81
116 320
316 213
65 586
744 51
64 912
547 390
565 748
620 765
292 672
168 281
739 399
443 730
23 554
505 868
698 840
376 529
488 630
802 245
968 288
702 140
387 928
773 404
631 608
918 711
423 938
375 763
124 804
52 379
307 245
769 277
572 228
166 136
408 529
81 477
355 778
232 821
798 605
545 721
385 179
588 945
304 709
443 41
353 776
484 893
694 339
103 526
468 460
472 925
158 693
42 282
325 153
771 352
645 514
955 812
23 471
223 602
933 736
135 836
683 712
395 596
658 210
658 671
18 232
995 246
827 252
574 909
116 109
759 403
389 388
561 11
174 543
803 15
69 262
359 420
841 904
218 118
617 366
790 302
701 278
61 951
7 31
320 383
287 483
579 140
595 783
898 906
272 524
240 6
203 394
901 575
444 354
455 733
258 928
562 719
616 261
446 41
858 508
287 113
587 96
214 859
517 186
665 404
987 445
717 779
320 29
319 255
33 927
252 178
150 442
36 841
808 226
476 811
19 637
386 904
849 32
722 302
405 514
187 122
636 296
268 543
233 779
180 969
570 337
164 600
280 253
402 213
314 19
955 674
333 352
888 116
168 761
901 121
307 705
266 299
956 610
643 65
537 57
739 85
316 693
405 740
634 286
218 281
517 32
928 238
361 338
16 179
364 713
715 627
69 491
668 836
613 778
979 403
744 524
266 935
857 788
486 202
71 897
969 681
812 710
881 66
754 208
824 711
155 717
12 278
325 158
579 552
233 179
111 824
310 920
645 144
810 554
244 693
13 106
561 43
619 182
432 348
875 663
901 847
795 607
70 315
902 506
134 310
595 683
834 945
849 89
585 672
365 975
508 539
895 402
680 193
771 343
312 528
773 50
461 688
372 125
609 611
429 402
431 935
656 559
453 705
631 359
342 700
389 869
517 610
293 477
573 605
867 335
954 998
634 763
302 944
212 739
104 428
204 809
566 209
658 846
408 812
917 579
681 586
351 580
869 880
260 758
100 952
211 663
996 800
985 86
822 576
490 489
160 586
678 83
977 914
720 587
275 105
886 557
650 167
172 218
246 113
484 196
281 605
450 897
841 669
152 86
464 152
961 894
617 441
599 377
674 487
696 72
631 794
584 524
315 492
887 110
279 194
7 953
157 982
5 230
599 494
178 467
418 408
917 588
240 664
386 4
557 32
760 521
134 324
512 890
844 391
360 588
677 742
452 210
219 249
517 690
537 729
356 142
900 557
333 81
542 538
281 462
718 301
244 722
412 45
965 412
203 685
476 453
183 499
594 877
973 791
97 82
708 178
782 274
566 48
861 385
700 943
735 813
918 263
112 231
62 132
246 417
48 152
410 467
948 538
842 37
507 793
928 959
275 6
612 293
5 145
902 161
134 640
599 738
724 190
655 875
371 105
930 739
698 145
991 483
536 225
849 656
67 597
75 253
336 306
450 53
466 96
870 125
987 526
316 294
53 737
275 305
311 72
596 286
418 918
388 77
744 915
9 587
764 197
322 642
567 768
314 704
473 695
493 277
973 11
59 896
945 210
421 999
725 922
842 257
356 997
16 477
88 379
70 746
970 428
434 836
575 184
280 962
150 989
318 542
502 65
361 678
604 920
788 282
937 928
275 713
937 206
16 680
754 368
208 520
504 933
980 734
958 984
566 777
773 115
248 86
700 379
865 813
665 579
956 282
760 139
904 784
155 796
562 372
462 893
876 126
562 375
857 784
566 631
651 637
744 622
130 456
665 184
498 60
349 874
153 921
244 395
205 37
517 721
466 710
585 958
341 485
162 985
924 442
154 436
273 464
345 520
992 477
169 633
154 117
3 631
155 171
603 184
324 498
1 462
826 92
383 282
438 366
521 682
723 610
356 492
119 992
323 494
725 48
339 877
205 896
88 758
30 761
714 962
329 232
950 501
348 415
549 945
938 683
360 999
192 662
523 552
112 701
478 254
432 93
793 878
185 876
17 351
714 335
418 896
972 177
594 668
341 913
540 282
300 92
579 636
874 9
451 645
141 358
367 149
916 419
171 770
23 253
868 497
788 935
105 93
397 29
1 455
402 543
865 605
917 140
59 957
606 489
512 883
64 188
64 353
473 243
415 882
650 712
803 928
145 477
864 472
771 715
665 962
444 207
801 327
30 627
15 197
111 762
679 745
186 175
595 201
189 178
64 527
339 80
284 234
858 669
196 4
487 120
969 457
970 914
517 985
2 717
495 605
719 872
651 875
427 303
728 299
376 896
657 785
527 698
70 878
802 583
804 420
138 202
756 483
909 865
940 717
623 96
355 522
961 750
397 785
904 56
571 70
534 93
313 2
665 904
298 854
651 275
164 710
121 890
33 600
98 494
289 566
361 792
916 2
520 288
42 339
901 237
510 321
670 554
321 550
227 77
567 299
632 174
509 964
814 630
901 1000
77 843
667 730
463 504
319 715
196 146
549 780
950 966
680 693
344 559
517 851
2 631
623 865
500 390
905 927
430 843
481 886
160 547
119 393
566 789
936 494
75 778
204 161
901 69
315 407
834 104
889 696
500 56
139 252
656 631
732 616
966 643
384 733
533 804
329 139
613 648
350 222
857 504
918 935
571 994
428 611
801 450
72 611
859 129
254 768
381 904
572 176
613 455
333 869
929 529
247 436
565 394
895 951
434 713
589 169
418 143
186 507
720 389
369 14
66 5
83 671
835 652
68 262
967 379
588 167
532 692
183 648
917 868
976 759
573 459
240 268
650 632
445 143
780 836
542 255
49 684
564 136
451 295
567 793
861 773
355 790
437 632
47 692
547 261
502 497
433 222
344 410
575 564
942 467
700 416
101 737
141 339
2 119
964 126
929 52
269 24
968 526
128 96
909 184
6 572
832 979
500 231
858 863
17 25
270 570
369 388
861 193
336 402
137 908
144 753
835 770
488 920
1 453
20 680
716 122
368 515
804 93
725 723
665 780
498 186
833 178
64 422
599 96
503 236
180 594
531 768
56 477
491 274
332 920
720 199
358 188
996 906
170 741
501 213
211 605
120 85
766 169
631 974
509 832
644 432
439 220
566 946
26 875
522 852
101 928
281 494
429 459
840 485
148 179
834 442
253 598
514 416
879 701
73 958
147 854
451 487
170 779
613 60
66 337
653 43
376 745
360 174
123 922
53 85
537 933
293 710
1000 483
169 584
574 226
244 363
945 824
108 900
250 523
821 80
227 944
571 872
346 880
989 123
168 282
180 15
244 45
814 554
546 723
535 179
659 944
470 876
415 238
606 638
398 615
876 261
973 390
349 801
596 711
133 427
526 757
891 5
987 884
322 709
786 542
250 173
219 790
663 880
244 790
61 360
928 467
504 518
601 152
33 750
198 382
145 725
808 19
809 939
312 653
385 668
365 281
1000 136
75 133
319 352
998 752
583 105
657 306
420 710
314 823
294 700
188 407
208 428
64 237
2 957
340 519
498 941
287 26
734 126
489 243
223 32
634 50
997 846
926 737
874 62
285 925
128 403
135 228
146 558
97 33
996 621
327 704
303 676
714 896
513 959
445 372
682 873
131 184
44 53
153 318
529 748
138 426
395 767
450 949
895 921
566 495
262 713
888 1
516 951
772 924
60 225
189 877
150 733
890 391
531 645
430 904
179 213
966 787
531 56
110 209
809 78
645 464
461 31
708 225
338 398
943 352
429 304
160 113
471 636
950 946
642 748
679 689
918 491
940 631
443 969
61 378
914 819
826 539
599 4
266 296
394 485
838 82
381 627
682 848
340 680
939 989
441 610
998 738
378 491
548 853
182 321
402 43
898 932
187 630
421 995
425 346
322 823
27 442
814 906
781 749
434 37
966 778
254 119
401 225
582 338
520 190
26 171
511 741
212 741
980 914
730 358
1 948
110 96
819 296
460 14
151 497
134 331
886 454
356 207
853 663
12 819
17 607
273 43
819 96
623 932
271 477
58 228
576 100
355 149
505 207
899 245
44 122
949 652
502 149
861 189
451 472
797 409
324 295
381 835
829 673
556 122
991 910
779 257
155 173
289 851
345 417
587 238
491 21
934 460
937 312
521 979
249 557
349 773
560 903
833 255
463 556
504 691
803 129
395 971
849 130
624 676
182 561
312 826
95 666
832 433
460 927
372 713
502 648
656 743
912 633
36 308
947 691
473 873
916 941
976 998
650 990
575 871
961 567
541 455
655 734
529 843
12 953
803 926
895 255
148 487
791 896
810 820
268 748
248 993
651 911
172 318
212 49
503 135
585 76
416 897
110 234
493 877
828 139
793 466
461 324
688 136
797 490
598 48
263 466
481 913
451 680
450 672
239 85
468 325
273 921
454 301
319 419
39 694
707 757
351 224
968 930
687 177
138 776
809 403
565 346
786 908
18 290
128 185
130 872
302 926
899 449
919 680
954 229
333 667
23 756
104 808
963 843
285 493
59 953
324 994
881 592
40 303
95 119
315 570
330 6
797 189
542 876
69 774
23 161
642 577
496 652
919 963
149 4
818 936
588 288
855 45
362 380
590 19
970 127
206 827
412 245
386 723
468 215
902 166
926 343
855 130
786 903
128 176
754 19
862 901
60 736
619 916
651 44
725 45
998 654
424 558
488 323
786 790
215 656
553 545
881 412
827 184
402 667
956 284
98 459
617 426
466 573
250 254
506 427
901 824
714 129
434 530
57 931
153 758
603 110
940 776
323 176
88 281
545 259
873 705
8 789
803 599
112 791
630 467
658 55
25 763
951 749
901 86
907 46
376 876
168 800
527 686
244 191
679 695
183 996
422 755
996 390
618 400
484 783
711 440
344 207
396 952
879 459
347 529
632 390
848 559
116 40
703 212
129 911
341 725
505 60
160 60
269 897
159 934
186 113
122 673
486 84
518 747
612 146
682 810
120 741
484 411
698 876
344 816
250 805
344 440
115 935
898 48
258 37
276 964
248 724
244 532
530 611
814 789
876 379
179 989
271 660
200 630
34 653
408 989
148 65
520 106
371 952
814 65
547 569
526 975
300 598
964 632
180 869
622 681
606 210
394 317
682 201
419 933
828 914
303 741
444 939
682 24
927 883
401 327
703 665
554 399
844 237
114 253
204 772
367 712
249 515
378 243
125 400
70 89
842 488
218 981
772 540
76 129
404 67
577 282
405 673
356 145
766 829
826 962
20 546
34 192
159 886
36 684
481 420
540 647
323 926
818 21
209 836
781 683
433 456
198 519
960 719
535 924
574 999
826 957
6 358
421 882
703 218
561 415
810 836
619 221
766 543
305 217
808 246
472 257
970 733
168 623
921 321
170 383
153 477
433 337
2 926
104 621
360 76
692 597
632 924
215 854
381 31
808 501
660 638
537 71
496 534
764 213
481 166
597 165
670 691
231 427
965 924
569 598
751 686
659 889
19 479
79 727
101 582
889 709
104 779
1000 576
216 837
496 692
676 80
470 499
958 995
510 10
367 263
149 944
593 983
650 631
850 808
155 297
229 189
31 60
342 372
659 434
110 146
254 143
59 190
365 827
864 758
293 594
984 524
905 700
139 291
998 579
569 930
413 876
541 743
291 221
610 952
368 51
793 643
649 345
575 362
280 601
268 133
928 256
984 221
103 668
452 872
913 746
970 336
327 142
437 151
311 584
150 777
332 979
347 259
5 729
961 179
121 257
141 217
451 400
571 292
841 24
822 234
606 199
754 586
955 439
405 151
353 854
632 993
131 591
265 290
598 876
158 809
433 331
289 718
549 996
716 696
91 624
849 963
242 508
493 700
378 688
7 60
549 750
441 399
947 939
13 416
824 820
414 923
145 165
36 476
834 704
555 139
574 693
397 296
23 694
348 80
849 107
144 667
214 974
583 900
505 877
224 525
455 202
160 814
682 343
944 704
864 60
639 798
445 283
121 266
193 661
995 417
968 269
237 14
609 45
521 899
131 182
947 178
706 736
1000 179
156 578
835 796
271 526
289 711
489 690
776 429
163 561
476 294
421 739
760 30
758 633
155 609
947 944
487 557
933 690
195 409
75 221
381 132
231 805
406 327
561 388
627 615
81 923
550 78
551 84
312 466
517 287
956 785
204 526
116 483
688 105
941 345
711 839
103 626
355 626
145 440
131 125
777 933
942 343
321 671
505 490
167 573
626 812
371 714
437 630
218 747
853 292
135 946
638 600
138 303
47 294
910 653
798 510
17 633
473 581
145 730
517 940
832 956
885 942
134 260
444 895
122 86
356 713
639 105
345 133
613 451
537 204
849 735
650 469
687 637
540 84
981 331
912 889
363 978
270 514
930 923
218 665
370 22
861 372
508 124
905 591
230 843
817 477
583 845
79 709
514 417
751 385
590 769
458 334
938 379
349 749
294 621
208 84
406 43
735 920
478 102
835 580
468 923
966 435
17 453
373 771
914 910
626 323
38 477
539 789
28 53
850 997
575 911
550 178
981 680
513 24
858 959
909 785
530 125
294 206
991 836
941 161
253 689
315 575
60 236
79 688
532 47
47 923
48 971
881 379
855 816
108 731
35 253
101 66
661 188
809 67
701 85
646 501
26 738
150 691
874 635
322 281
868 882
34 303
490 352
470 736
578 501
990 173
95 124
914 352
850 77
953 787
525 878
451 599
159 357
215 776
408 435
272 535
754 391
370 669
886 711
667 843
443 478
629 753
409 674
708 450
160 809
269 212
187 258
132 749
516 636
794 122
334 24
154 221
213 392
307 664
968 691
473 558
185 668
44 89
331 440
791 411
