5 4
2.6
3.944 11.338 13.641 6.320
3.531 3.760 12.932 12.106
2.402 7.842 1.629 5.956
0.124 7.274 11.043 2.807
1.697 1.376 10.380 2.257
18.797 25.698 8.573 22.822
15.200 12.702 11.933 18.602
13.866 0.237 0.648 16.842
2.887 3.167 7.701 4.952
1.934 10.153 15.917 4.617
0.382 8.107 6.126 0.833
7.082 17.010 8.633 2.502
7.140 15.202 10.677 15.296
13.209 1.110 24.900 11.909
1.158 4.636 0.324 21.986
0.988 1.361 7.986 7.151
13.325 20.466 10.858 2.922
0.537 1.169 13.134 3.405
1.205 12.728 18.008 20.111
7.975 9.962 16.973 2.454
0.818 2.222 0.670 1.851
7.205 2.880 11.252 10.140
16.485 7.633 4.650 2.010
2.288 1.893 1.999 2.328
11.494 4.129 4.249 3.022
1.719 8.625 3.923 2.303
1.873 13.355 0.015 5.760
14.652 2.935 20.070 0.610
12.103 3.064 14.020 1.865
3.974 0.566 6.922 14.282
7.311 6.888 6.478 1.699
6.194 20.218 13.712 9.257
5.731 1.141 1.730 2.112
15.061 1.716 7.871 2.703
3.865 4.759 0.834 4.944
4.125 3.649 22.495 7.193
3.365 13.207 22.461 8.066
2.005 3.344 7.958 15.890
0.661 5.831 5.265 16.493
15.777 2.095 17.812 19.453
2.551 4.451 5.375 1.860
9.862 1.245 3.807 0.577
12.246 5.290 9.733 25.723
14.204 9.118 5.439 1.623
9.671 1.342 15.904 20.740
10.095 3.829 16.604 14.986
13.989 4.076 18.463 1.456
0.602 18.740 11.747 6.178
5.161 11.592 0.730 5.743
11.429 23.728 0.510 1.975
16.834 18.720 7.337 19.331
6.515 8.412 10.203 16.927
24.257 1.253 5.641 10.866
11.374 18.235 5.730 11.807
8.714 4.064 1.742 1.353
6.964 14.592 8.686 20.101
18.248 3.127 3.732 6.006
0.104 4.904 11.322 22.090
8.289 9.644 2.334 12.367
6.080 3.868 2.717 8.916
3.232 13.799 1.697 5.645
6.551 0.964 2.296 6.757
3.854 25.927 12.261 10.905
21.829 3.902 1.149 22.753
5.124 7.686 12.559 8.508
5.080 3.247 6.609 20.788
18.032 3.308 1.740 4.238
8.480 9.874 10.277 9.229
9.612 7.861 14.858 1.405
4.185 4.213 25.548 3.742
26.300 1.669 2.970 5.399
18.469 1.819 1.550 2.373
9.611 7.888 23.056 4.468
9.179 3.528 9.465 2.821
9.452 3.074 0.556 9.421
12.988 1.072 0.029 1.764
10.342 0.734 3.172 8.561
0.350 10.241 4.818 4.399
3.513 5.325 8.963 9.591
9.681 5.323 9.153 0.974
12.290 0.275 8.196 0.097
7.080 0.688 19.273 3.353
4.245 0.014 0.811 2.112
4.938 2.341 1.060 8.300
16.463 16.238 7.406 5.477
12.946 1.889 2.737 1.128
7.453 19.470 11.669 2.882
17.288 3.495 16.454 4.667
18.473 17.675 1.493 13.057
0.442 7.243 9.959 1.321
8.316 11.082 5.116 7.464
15.092 3.514 0.723 1.310
2.264 13.393 6.655 1.354
5.856 2.328 7.133 0.689
0.579 1.937 6.089 20.935
1.360 2.987 7.351 2.430
3.253 13.422 8.126 4.389
10.983 7.892 13.156 4.325
12.481 4.946 6.738 0.245
6.909 1.745 16.550 11.483
7.796 16.264 13.474 10.567
2.089 2.547 11.361 8.814
0.086 3.481 11.674 6.555
7.365 3.589 1.050 21.428
14.983 14.323 8.827 1.020
2.383 20.164 13.023 10.768
18.336 0.507 11.946 16.928
6.466 6.571 9.003 4.760
18.251 7.091 13.240 28.436
9.720 1.208 18.614 8.785
9.190 16.906 3.843 5.970
1.515 7.551 12.832 16.052
1.274 1.751 8.395 1.736
16.531 14.420 3.742 3.996
0.186 11.554 4.057 0.431
5.946 5.018 4.308 10.350
16.539 6.756 2.577 3.614
10.456 5.430 11.451 6.992
0.320 3.851 2.924 1.806
9.753 3.816 12.702 18.486
7.507 5.270 7.355 4.485
8.747 16.609 4.924 18.352
2.150 2.697 0.238 2.532
12.437 3.672 20.942 2.888
14.650 3.940 9.620 12.297
14.183 12.521 5.370 1.678
13.491 9.565 8.830 3.489
4.414 8.164 8.709 10.868
4.113 13.864 5.152 22.455
24.545 0.658 1.874 10.659
23.393 10.743 4.375 13.102
2.353 5.225 0.548 21.947
4.176 17.392 20.923 0.908
13.235 10.970 1.230 5.935
4.777 27.052 0.075 20.846
12.168 15.691 2.452 9.896
15.918 0.785 3.090 1.734
6.165 15.542 5.809 7.047
2.838 4.969 4.118 5.938
3.238 1.893 23.385 0.792
11.395 5.500 5.574 5.391
8.345 5.808 4.508 2.269
3.861 6.209 15.963 12.057
8.256 0.713 10.604 1.014
3.558 12.932 3.853 12.024
4.798 12.283 0.050 7.443
27.146 11.854 6.840 5.519
7.370 0.351 9.365 4.041
0.806 2.364 2.852 9.040
10.993 10.178 3.052 20.574
10.618 0.531 4.105 0.223
9.294 22.560 4.119 7.721
6.593 17.452 4.901 0.647
15.307 2.442 2.379 0.558
11.817 3.370 15.829 2.980
7.666 8.731 14.524 4.593
9.730 9.899 8.373 0.484
5.708 6.739 4.347 7.439
3.337 4.424 9.286 12.308
6.460 4.419 14.629 2.986
2.640 0.391 6.895 2.627
22.127 7.444 16.013 11.674
12.639 21.817 8.644 5.075
9.335 5.794 1.296 10.150
7.886 9.563 5.491 3.711
10.901 3.324 7.297 3.233
6.431 3.782 18.757 14.614
19.736 4.098 6.834 0.352
2.575 10.280 2.226 9.893
3.868 1.063 18.012 8.647
2.377 10.061 2.637 27.001
11.166 0.983 10.217 0.925
7.867 20.802 0.527 0.715
5.286 18.029 2.270 3.070
0.118 17.587 6.197 6.646
0.720 11.347 9.864 15.825
1.334 11.884 10.029 5.015
7.539 12.646 25.791 17.183
1.033 1.350 1.815 8.815
11.584 7.089 10.909 14.196
2.887 26.790 11.729 9.263
9.109 23.610 21.450 3.689
7.454 9.390 11.486 4.235
1.135 13.752 9.358 4.350
3.058 14.322 5.434 22.402
7.460 4.274 4.945 5.184
3.895 2.982 5.664 3.500
12.538 4.892 8.089 5.574
3.894 2.484 4.434 11.324
6.601 7.769 2.389 8.293
7.146 5.572 1.388 1.013
5.496 0.683 20.206 8.577
18.796 0.625 7.097 16.908
3.560 0.912 4.419 5.316
8.006 8.007 5.192 17.091
6.449 1.279 11.291 28.645
11.365 9.149 6.416 1.957
4.556 0.157 0.832 1.466
10.044 7.010 12.933 23.805
0.141 32.025 21.385 0.624
2.075 3.479 0.750 7.442
8.464 8.913 5.220 1.507
4.904 8.882 3.263 7.551
0.193 2.772 6.724 1.217
6.424 14.087 0.903 7.739
6.966 8.898 10.787 9.710
17.365 18.797 0.231 3.503
2.506 0.539 4.164 21.540
5.971 1.892 0.627 8.771
9.111 4.970 11.401 3.684
14.681 11.772 2.570 13.307
13.396 32.040 9.613 7.905
6.769 11.711 10.063 0.804
9.241 7.571 15.475 5.678
8.918 0.337 6.431 3.312
2.298 0.016 8.841 5.670
5.669 9.577 2.546 2.685
1.236 6.431 6.657 3.082
6.598 1.372 7.409 1.315
9.641 11.427 6.058 15.867
4.550 6.799 7.310 28.140
11.958 8.852 0.385 4.494
8.728 3.102 3.044 6.265
7.997 15.065 12.231 4.661
12.726 9.158 1.084 4.862
9.014 7.888 0.913 1.509
14.754 12.797 4.229 3.663
8.597 0.182 16.669 1.212
10.879 11.121 13.440 13.175
9.336 0.968 2.653 8.082
11.977 9.834 16.424 11.961
0.398 19.404 2.352 4.592
2.797 8.208 15.308 14.400
4.202 11.954 14.702 14.249
2.426 4.266 12.617 2.917
4.947 3.071 15.870 5.287
6.060 3.617 8.866 3.609
10.197 17.284 0.145 10.288
14.689 20.165 4.709 5.321
2.560 2.289 3.532 4.260
5.953 3.602 3.151 24.377
14.508 2.564 1.403 1.288
6.603 0.964 11.876 12.548
14.911 8.266 5.775 0.623
1.847 8.247 3.806 6.403
23.196 5.614 3.223 6.990
2.845 12.609 9.089 17.157
6.983 5.385 7.446 1.727
2.413 11.717 9.579 3.864
10.587 16.251 2.645 28.352
5.390 4.051 9.138 1.010
8.955 10.711 7.305 14.813
0.251 9.474 4.394 1.198
1.143 9.276 0.077 3.698
2.307 30.465 3.007 12.505
4.760 12.719 16.594 1.164
8.012 22.030 9.526 0.919
9.450 0.351 6.767 4.348
0.531 4.038 7.239 6.971
1.709 1.371 11.026 11.044
12.028 6.355 4.594 13.588
5.543 9.423 9.822 9.572
2.044 12.341 9.570 13.432
3.918 16.704 1.250 13.522
5.372 8.950 5.435 5.215
2.659 4.759 15.920 14.321
0.538 12.854 0.461 16.725
8.886 3.629 2.536 8.641
3.316 11.777 12.021 9.944
14.661 11.347 0.827 12.886
1.843 13.591 1.189 15.087
5.913 4.426 17.129 14.156
10.885 8.505 0.606 4.044
8.989 1.085 0.218 9.704
3.452 6.427 5.022 1.605
0.490 7.260 20.195 13.963
11.988 3.082 0.734 11.941
12.999 16.738 2.071 13.976
14.511 1.650 6.341 14.107
6.268 7.586 8.100 3.805
4.651 20.385 7.056 10.484
15.937 18.868 8.636 2.895
20.854 8.245 8.750 6.698
5.114 2.076 9.578 0.560
2.913 14.439 5.031 2.007
0.084 7.955 15.699 9.846
10.057 9.951 1.229 12.631
5.615 10.546 21.560 10.280
10.174 3.885 3.919 10.639
4.988 0.390 2.641 0.035
3.535 4.332 10.596 10.228
1.452 14.743 20.682 0.557
0.824 1.391 7.392 6.347
9.117 4.365 8.197 4.627
8.111 15.968 7.356 6.103
11.942 1.491 7.135 1.935
6.499 3.230 19.266 16.209
11.746 3.550 1.448 23.242
1.018 16.895 2.409 7.417
3.756 2.923 2.977 2.721
6.077 4.489 13.135 4.215
7.915 10.419 4.591 2.744
3.111 20.593 5.263 1.221
7.772 4.326 5.762 0.690
6.882 5.721 3.082 7.209
24.827 25.438 3.102 20.767
5.374 5.768 16.749 13.308
6.952 21.500 6.544 3.925
1.006 2.127 4.699 17.198
1.584 11.629 11.729 2.035
3.704 12.770 18.251 1.366
11.999 12.599 10.066 27.604
20.078 0.377 10.737 5.571
2.468 1.596 1.803 18.653
9.479 7.084 12.436 2.671
2.852 8.873 2.660 4.371
11.513 2.204 8.235 10.237
8.617 5.045 11.780 6.283
6.471 5.409 5.269 14.179
12.964 22.331 3.359 9.725
13.132 4.925 6.806 5.403
2.768 2.320 2.079 5.980
2.033 17.173 8.259 29.283
4.211 5.649 6.496 2.820
4.999 7.354 8.301 1.685
7.300 7.940 13.281 8.914
2.251 9.438 5.340 4.823
1.333 15.370 8.439 16.089
8.531 7.648 14.987 12.485
9.020 9.775 2.964 0.625
3.372 6.532 1.836 7.572
9.619 2.966 5.431 4.297
11.384 4.744 5.710 1.487
3.738 20.200 7.961 4.112
7.941 3.263 13.205 0.121
15.837 4.018 10.068 17.780
6.195 2.281 9.847 1.827
12.903 5.366 3.591 4.094
0.773 16.802 0.079 7.934
10.623 17.691 2.077 0.913
11.845 14.340 24.454 9.778
9.833 9.627 2.118 6.952
10.253 10.534 10.318 6.973
16.308 2.115 21.870 11.498
4.218 6.624 12.942 7.670
3.704 16.431 20.615 6.209
11.685 3.937 7.866 14.728
5.260 9.860 16.250 2.394
13.546 19.022 6.976 16.877
4.907 0.501 8.311 6.429
6.874 6.878 4.683 1.792
11.689 7.465 12.544 9.807
26.069 9.077 8.324 10.979
7.349 7.692 0.781 1.451
4.772 2.416 9.032 4.734
9.197 0.991 15.084 6.833
9.168 13.554 3.440 2.926
1.424 4.623 13.862 3.604
0.234 6.896 7.049 6.651
1.816 8.990 10.903 6.784
10.998 4.836 14.165 4.837
10.601 0.494 1.552 6.897
14.713 15.799 11.776 11.034
4.019 6.328 15.966 19.151
3.013 11.557 13.136 6.008
11.116 13.981 3.667 9.232
19.230 0.038 8.022 11.480
1.774 8.323 12.289 1.394
22.389 3.783 2.209 0.227
5.520 3.151 8.132 2.744
13.076 8.171 23.582 11.233
0.380 4.132 4.062 8.372
24.127 0.086 3.984 18.622
25.092 0.359 1.677 22.261
18.650 8.115 1.233 7.323
4.019 1.989 9.890 9.750
19.375 4.012 1.154 8.796
3.896 11.427 17.514 4.069
16.820 7.263 13.529 11.505
0.074 12.103 2.343 1.096
16.565 23.810 20.572 4.836
2.915 12.444 3.021 12.302
23.983 8.340 6.533 16.708
15.896 2.442 8.841 8.724
2.420 3.589 6.818 8.647
2.731 4.186 11.721 8.779
0.700 1.873 8.934 11.019
0.217 3.925 9.688 20.878
7.285 3.878 0.367 0.385
5.071 0.574 1.762 6.870
25.348 15.911 17.188 3.447
5.026 19.099 10.849 0.559
0.233 8.274 0.053 1.356
1.798 6.405 6.548 15.431
25.629 7.509 12.643 9.818
3.798 2.447 5.443 6.216
4.861 29.494 11.149 7.031
3.893 0.243 2.081 32.402
3.491 0.506 11.080 14.815
0.314 1.942 4.605 7.051
1.769 7.417 9.757 5.847
5.148 3.046 5.017 1.134
11.544 3.511 7.231 8.859
8.286 9.640 16.684 13.865
11.459 3.070 16.294 3.557
0.883 5.803 5.957 0.035
15.297 0.168 9.024 0.495
1.790 14.667 14.315 5.584
2.319 1.143 3.651 3.148
7.791 1.973 9.796 9.089
3.889 5.763 0.737 4.710
10.321 11.542 10.503 8.656
6.006 8.274 1.680 5.484
3.543 12.527 12.673 8.013
17.921 0.200 10.854 13.063
2.727 3.018 1.359 16.366
6.142 6.859 6.329 7.753
16.732 7.277 0.756 16.439
28.954 5.601 7.243 13.283
17.323 1.011 4.097 3.907
2.770 12.733 0.242 20.781
8.749 16.959 22.239 11.340
10.139 8.924 2.410 0.380
2.120 8.010 13.192 23.781
8.176 11.605 1.405 9.749
6.090 4.736 10.532 12.056
12.727 8.102 7.689 2.392
7.194 4.613 2.839 10.828
19.507 7.534 0.131 1.575
2.266 9.626 23.195 24.547
12.927 11.355 3.607 13.958
3.022 12.093 11.765 2.604
1.000 3.941 6.073 13.772
10.149 2.359 9.533 6.781
4.863 2.969 14.480 5.412
17.539 0.306 3.803 0.410
0.496 6.824 11.866 5.539
0.598 9.841 6.747 9.379
17.427 1.111 5.853 10.736
12.655 6.219 14.885 7.185
11.244 16.577 5.702 9.354
19.975 1.705 4.718 14.851
1.247 10.479 10.714 4.490
18.340 12.701 7.978 17.462
16.008 0.892 4.647 4.064
0.604 1.147 3.487 3.731
20.241 9.857 7.973 11.096
0.965 6.462 9.757 2.816
4.858 7.090 5.964 8.735
2.980 11.905 8.658 10.448
9.821 7.634 0.001 0.430
0.359 12.798 13.692 8.422
2.625 1.045 4.866 5.405
11.782 9.168 23.410 2.858
4.846 12.882 5.165 3.164
11.361 13.051 4.693 0.031
9.064 12.295 21.937 12.411
3.695 0.893 0.465 8.423
2.131 21.351 12.550 4.223
0.489 3.465 6.060 1.708
8.637 3.174 6.022 14.919
7.302 2.840 6.138 3.902
2.094 4.643 3.181 12.007
25.365 8.010 18.268 9.267
13.809 4.377 0.697 5.788
2.963 25.761 7.985 1.443
3.501 20.487 17.392 2.170
10.547 1.414 7.909 5.342
11.514 14.174 10.182 18.172
10.135 11.138 10.598 10.641
9.045 3.558 13.134 10.287
6.264 10.280 0.911 2.296
9.582 10.565 12.965 18.963
12.863 12.304 6.598 10.745
11.968 1.620 3.189 7.063
3.851 2.714 2.203 11.920
2.164 0.603 11.204 14.793
2.837 1.863 10.155 14.171
12.454 4.422 14.967 22.524
12.824 9.411 16.065 13.431
3.321 2.388 8.932 0.192
1.599 6.983 1.015 6.310
1.204 0.001 8.678 9.314
3.002 2.438 12.771 1.702
2.810 8.818 2.719 1.619
6.207 10.010 14.530 2.950
0.454 0.912 22.451 2.006
9.969 5.189 6.718 0.871
7.429 5.075 5.545 12.355
6.752 4.656 3.426 17.547
3.120 3.591 15.507 7.892
0.658 10.624 0.696 12.151
5.155 24.257 4.134 6.570
10.389 26.587 0.446 11.571
2.498 17.261 9.433 17.605
0.157 8.294 1.257 1.959
10.719 8.534 7.282 11.853
0.688 8.751 5.263 14.126
4.849 4.495 8.508 5.525
3.168 24.473 17.124 0.101
5.128 14.348 10.024 4.819
2.872 1.923 15.711 8.204
0.964 4.365 1.911 0.799
16.937 3.531 4.748 3.737
14.228 10.859 14.455 2.602
0.487 2.106 19.713 13.860
3.570 2.091 6.697 6.499
9.354 0.898 4.304 8.184
6.992 5.208 9.043 2.060
0.230 13.776 5.074 11.762
6.811 8.882 0.338 13.992
1.905 5.588 7.718 17.695
17.171 7.140 14.802 6.974
1.502 12.486 9.505 18.820
4.675 11.759 3.778 3.982
11.576 5.146 1.505 1.772
2.866 6.607 9.287 11.769
0.956 9.430 1.369 1.970
7.341 3.008 13.014 10.962
7.042 11.585 5.255 3.859
21.552 4.949 2.071 0.355
8.069 10.886 16.539 13.086
1.982 1.813 14.777 1.681
5.653 25.324 4.410 0.076
4.472 0.822 9.482 5.247
27.371 5.726 10.977 1.737
8.148 9.748 18.655 5.639
1.957 13.884 0.191 0.736
5.375 3.861 10.512 4.437
6.116 2.460 4.562 15.305
3.752 7.813 16.678 3.383
1.489 6.945 2.172 3.140
1.995 16.984 19.334 4.074
18.208 0.450 13.859 1.116
37.670 6.396 0.395 13.939
3.830 11.776 9.907 12.317
6.918 11.565 1.298 1.405
6.503 4.563 14.549 10.022
2.543 7.932 0.893 0.026
2.734 20.642 21.764 7.853
1.463 8.590 8.874 6.732
18.154 5.391 15.047 10.643
16.246 0.340 8.072 24.416
2.779 7.893 3.507 14.995
9.102 6.907 5.352 22.919
3.089 11.420 3.701 4.002
7.381 20.630 2.602 1.640
7.292 13.513 0.962 6.043
6.284 6.588 1.164 1.922
22.242 1.383 10.109 16.799
7.381 11.116 0.560 13.202
7.193 9.777 20.025 3.814
7.619 2.849 0.835 6.642
14.287 6.595 0.747 0.571
8.809 20.217 4.152 0.839
5.383 0.057 25.642 1.861
4.433 1.256 0.621 6.041
7.369 7.049 0.295 16.611
6.816 11.612 10.522 0.370
11.241 11.525 22.411 8.139
9.647 8.354 2.550 5.752
3.546 4.382 6.833 6.811
7.889 7.735 1.712 5.781
9.052 0.692 13.747 3.132
8.898 9.948 5.527 6.463
5.413 11.203 5.428 17.007
15.344 1.077 1.722 6.478
36.446 8.344 9.873 4.729
5.204 10.429 19.406 8.924
3.683 8.840 5.734 11.027
3.568 0.725 4.572 10.193
2.317 7.622 11.230 1.158
4.182 2.486 5.367 16.479
8.580 12.012 4.685 7.277
5.876 9.680 0.915 2.967
11.871 15.210 11.654 2.031
2.795 5.379 1.351 16.940
2.702 17.726 15.504 7.800
17.791 3.826 4.591 6.195
1.291 14.460 5.192 16.302
12.704 4.315 18.362 18.314
1.580 1.698 12.456 5.644
6.586 4.324 5.606 6.601
7.859 10.321 11.889 13.485
12.484 6.950 2.249 10.588
0.559 8.526 9.546 2.046
8.460 10.172 9.257 15.369
9.060 18.186 14.134 17.765
3.894 9.940 1.734 0.867
2.591 2.140 2.941 0.084
19.155 4.120 12.251 7.761
0.994 14.090 5.206 12.538
11.829 2.968 13.533 4.416
3.849 12.281 14.673 4.637
1.725 8.029 7.106 18.870
12.361 8.599 19.223 6.839
5.231 2.291 10.138 7.780
3.957 12.170 2.248 0.485
5.096 6.127 13.139 4.677
4.550 2.260 10.758 7.675
2.295 14.630 15.347 11.775
10.845 4.015 15.761 12.974
7.611 10.140 12.030 4.765
13.666 11.770 2.567 6.116
0.606 7.796 2.875 2.314
4.000 11.579 6.317 8.249
9.765 12.875 10.591 4.925
2.833 1.397 6.090 4.262
0.061 11.764 12.552 6.687
1.021 12.328 15.572 17.618
8.674 1.650 1.675 9.766
1.501 4.955 13.828 9.537
5.180 2.591 16.533 12.623
0.026 4.150 7.551 8.807
20.388 2.737 2.917 3.355
8.997 4.430 0.555 1.162
1.829 6.225 2.533 1.939
5.748 3.548 6.499 11.870
11.770 7.100 3.289 0.794
15.181 13.611 1.168 14.981
8.432 13.170 1.132 19.687
12.250 6.196 5.220 2.391
6.746 1.411 10.443 5.814
4.802 0.601 17.755 13.973
4.826 25.193 0.999 12.585
5.894 1.752 19.630 6.888
19.352 4.744 1.007 2.353
11.263 15.217 5.403 6.894
1.440 4.862 1.492 5.033
2.468 9.635 2.470 4.245
1.239 9.277 11.352 16.840
6.518 8.428 13.710 6.048
0.018 14.076 4.404 11.655
0.083 4.710 17.508 17.100
5.758 0.271 11.427 14.650
2.139 4.615 7.480 2.224
5.457 12.868 16.961 14.750
0.935 5.142 15.250 8.281
8.283 19.366 14.638 0.557
3.913 18.621 7.169 1.593
6.241 4.230 11.114 15.273
10.401 11.055 1.476 12.347
13.109 12.839 1.082 22.802
7.272 18.540 16.799 2.958
12.906 4.044 8.393 1.546
10.374 4.339 0.025 1.025
5.772 0.229 15.690 2.640
8.248 3.868 9.114 9.273
2.247 7.387 0.232 0.106
9.849 4.287 8.571 12.115
8.662 11.245 9.079 9.927
11.704 3.660 7.152 4.731
2.182 0.065 0.607 4.024
4.831 9.442 1.546 32.749
0.439 5.179 12.659 9.267
11.910 2.428 1.880 0.250
0.128 3.951 19.344 0.467
5.541 10.297 16.189 6.170
4.949 0.281 1.174 29.365
5.990 10.505 7.275 3.859
6.534 2.357 3.566 26.014
0.672 0.451 1.880 7.268
7.834 1.330 6.236 3.838
5.486 6.439 1.898 10.427
4.089 13.557 5.853 3.748
5.734 8.073 5.359 8.010
10.650 0.208 16.973 5.848
3.132 2.094 3.835 0.873
2.878 0.643 1.716 12.352
14.614 3.923 4.129 20.042
9.093 11.666 6.342 9.980
4.788 6.482 7.286 30.069
10.585 9.479 0.979 9.263
8.554 1.554 1.952 25.962
16.393 0.707 6.644 2.914
18.794 6.401 1.596 4.766
4.522 5.022 3.096 2.634
12.812 1.426 11.215 0.968
5.814 14.374 1.122 14.242
16.506 2.501 7.323 0.095
4.197 11.964 5.732 12.309
3.636 16.840 13.462 12.490
20.695 10.063 4.425 8.444
0.675 10.028 6.233 1.530
5.863 9.507 5.682 4.857
12.175 2.498 11.393 22.944
1.674 7.035 7.942 23.956
14.034 2.928 1.545 4.475
7.170 0.914 3.985 0.693
1.408 22.832 12.528 3.482
11.573 16.419 13.258 3.394
4.707 8.567 1.641 16.523
3.874 13.886 12.460 3.759
3.445 3.484 5.184 8.997
1.201 16.140 7.765 3.135
0.739 4.792 0.500 4.201
5.077 12.478 1.256 6.012
0.472 2.002 11.540 2.346
19.892 1.931 13.139 14.535
4.979 8.857 0.806 2.037
8.722 1.302 3.949 2.619
8.880 6.149 7.054 14.677
5.032 0.495 7.994 8.834
8.621 3.987 9.889 17.361
16.210 5.318 27.605 1.893
8.084 25.058 5.088 9.320
15.981 12.878 16.417 7.367
20.141 10.381 1.242 7.400
0.828 7.848 1.173 0.634
5.078 12.098 0.970 3.746
0.480 16.744 20.559 11.768
0.184 9.374 2.314 9.152
5.310 22.776 12.310 2.185
4.685 19.932 14.502 2.615
1.591 5.052 14.689 9.571
13.469 4.217 2.362 3.329
4.230 1.780 16.422 8.604
14.025 3.332 13.117 3.537
2.656 15.805 15.988 3.585
1.843 7.141 7.293 12.033
13.507 1.091 3.004 13.050
5.557 8.929 6.324 7.056
3.476 14.702 8.719 2.657
4.883 0.579 7.930 12.559
7.726 4.833 1.242 12.075
20.878 8.143 23.886 13.604
0.359 2.966 3.926 5.408
7.236 0.173 4.999 8.512
23.627 1.333 12.175 1.125
9.259 4.736 2.467 7.283
11.037 4.701 6.862 5.406
4.205 3.079 27.674 7.135
2.157 9.907 11.931 11.109
12.221 10.924 20.348 6.390
0.337 15.305 8.735 11.970
1.266 16.750 10.905 6.910
2.230 8.427 12.661 24.287
7.150 11.247 1.982 11.541
5.405 0.101 7.179 3.483
12.945 11.976 2.767 0.153
11.118 9.385 2.030 9.662
1.424 15.605 2.566 14.130
12.263 4.167 13.096 0.875
2.886 13.706 11.133 2.187
19.077 1.950 2.226 23.188
20.895 3.551 19.223 2.336
6.808 6.597 20.782 4.846
3.073 13.069 13.009 3.883
17.036 7.711 8.048 2.537
11.495 1.253 11.166 10.722
0.160 17.899 13.157 1.676
26.425 0.554 1.174 4.741
25.445 12.818 1.555 17.526
1.955 0.056 0.217 3.989
18.576 9.155 5.722 6.849
1.128 5.846 6.553 8.395
8.429 15.045 9.608 11.638
8.698 10.101 13.560 6.399
14.530 10.824 1.367 1.076
5.112 13.519 19.011 14.634
6.379 2.088 5.201 10.831
14.800 7.512 12.029 8.257
0.607 11.692 2.358 11.071
7.659 1.395 2.077 10.313
4.127 7.384 4.243 7.188
5.107 0.433 3.280 4.577
3.704 3.221 2.441 10.986
5.500 0.213 9.994 3.811
3.766 12.325 7.610 9.003
9.495 14.030 0.851 7.769
1.128 12.903 15.207 19.439
10.932 1.240 0.951 7.417
8.439 6.369 1.055 6.630
2.782 3.765 0.532 0.161
7.239 3.110 25.162 13.580
3.176 12.652 7.781 12.224
12.727 1.973 1.645 6.038
1.494 1.706 3.277 0.677
6.619 0.696 6.618 10.733
8.282 6.231 11.005 11.154
14.979 7.601 0.700 24.081
5.027 2.462 7.352 5.589
3.287 7.855 13.345 12.317
5.045 9.523 11.071 5.737
5.006 0.649 22.612 3.936
4.283 13.797 13.079 8.501
10.869 4.593 20.857 6.487
0.911 2.192 13.846 11.114
4.198 9.740 7.803 14.587
11.939 4.095 6.856 3.754
3.598 3.127 15.770 8.050
4.577 6.598 6.493 3.675
5.493 12.682 18.575 5.566
5.251 8.588 5.025 5.072
0.119 5.614 13.600 4.004
3.854 4.710 12.653 7.540
10.264 8.254 9.151 0.468
6.965 6.149 6.958 1.793
3.768 0.115 5.976 4.014
10.124 11.120 7.767 5.067
13.276 1.280 19.145 3.241
10.116 7.966 12.526 5.612
17.070 10.331 0.786 17.673
4.447 12.005 23.256 24.737
4.324 7.182 3.856 11.321
9.651 5.343 8.397 1.714
0.919 2.893 15.894 15.743
1.654 4.468 0.215 0.034
7.009 14.517 8.703 8.647
2.901 8.823 2.014 4.791
8.498 1.074 7.227 1.230
24.833 14.523 6.203 8.087
12.554 7.807 9.657 6.361
21.363 9.186 5.340 11.947
3.283 0.026 4.705 8.977
6.721 0.792 14.580 9.395
15.380 13.695 8.536 10.183
2.605 0.232 6.173 4.001
14.312 15.360 1.707 17.395
10.270 7.625 10.535 4.853
6.870 3.078 7.233 1.608
3.802 4.892 6.201 4.911
12.652 14.384 15.257 3.213
1.270 1.484 1.558 0.854
3.894 2.852 9.101 0.033
3.951 12.137 6.456 0.591
19.044 2.472 19.632 23.157
4.166 5.955 26.552 2.361
9.109 15.864 6.560 23.854
9.215 8.930 9.753 5.716
13.683 20.306 9.405 0.824
1.315 3.417 7.721 13.438
10.333 12.288 2.368 4.460
4.201 12.233 7.634 3.087
10.976 0.332 16.110 15.155
1.594 4.893 14.235 9.434
10.336 9.277 12.104 12.142
7.526 0.108 4.758 8.426
3.644 4.375 4.542 4.992
7.261 5.595 4.796 11.899
8.368 5.142 2.430 11.011
10.635 1.817 11.365 10.288
2.262 8.519 3.179 10.074
2.765 5.575 6.037 6.131
14.987 10.360 12.277 1.867
7.535 13.593 16.977 12.836
10.170 14.142 3.839 2.008
19.638 9.452 10.458 7.066
4.992 11.495 3.551 3.840
3.865 8.957 5.957 19.616
3.693 2.504 5.345 14.956
3.242 16.310 2.664 2.077
18.925 13.988 6.915 1.374
1.017 4.994 4.602 0.384
9.259 3.273 5.327 6.545
6.456 2.843 4.444 4.799
2.484 1.048 7.200 20.532
12.733 8.373 14.324 2.277
5.510 1.123 1.077 1.335
3.503 3.557 18.628 7.510
2.549 14.470 3.865 4.718
4.621 10.116 4.999 6.202
0.873 7.828 0.402 8.143
3.422 0.450 1.033 3.316
6.713 3.809 4.214 17.805
9.855 16.396 1.553 6.082
17.185 8.434 0.307 5.895
4.754 1.068 8.056 9.551
9.381 13.109 7.748 17.160
10.476 0.116 19.496 2.029
10.110 16.961 23.685 1.857
3.240 3.829 15.652 12.967
7.473 3.807 7.062 2.986
1.650 7.590 0.793 7.223
11.860 7.351 6.130 0.006
22.341 7.090 2.866 10.462
3.594 3.765 0.260 3.456
6.537 2.380 1.717 4.157
1.061 1.993 6.001 9.873
1.280 3.350 4.437 15.706
16.244 9.270 24.176 5.190
3.308 1.240 13.931 4.289
8.687 12.087 1.815 3.960
2.486 8.385 1.995 12.953
0.502 14.799 0.738 5.611
15.963 11.509 7.528 8.069
3.223 3.302 20.254 5.721
6.148 4.567 1.394 1.593
11.872 8.644 10.567 13.577
2.723 4.951 15.047 1.454
13.857 1.608 14.454 13.757
9.783 3.648 10.192 1.518
18.059 15.834 9.580 4.194
10.578 6.225 15.856 1.984
0.562 22.651 20.227 0.244
9.436 6.046 6.753 5.094
8.591 2.038 9.223 36.857
7.267 8.711 3.220 1.756
2.464 8.166 8.699 5.217
2.634 2.476 14.443 4.962
0.816 13.729 4.136 20.563
1.340 5.051 5.780 13.502
11.460 1.437 1.066 4.372
0.415 16.254 6.591 0.825
2.727 13.557 15.233 10.454
0.719 0.440 14.480 8.294
8.230 0.712 16.847 17.288
13.978 14.356 16.413 0.987
9.930 2.367 20.850 13.001
2.956 22.959 13.049 8.788
2.062 14.615 4.847 1.151
6.387 5.023 5.285 8.979
21.272 11.972 3.188 9.802
0.572 16.816 20.702 9.355
7.149 10.942 9.969 5.603
6.466 19.089 0.338 27.947
11.766 14.948 10.984 2.668
5.103 11.270 3.170 9.234
9.219 1.670 2.193 8.989
8.841 4.346 3.435 24.001
1.740 6.781 7.327 6.757
2.715 5.020 2.863 10.242
0.888 2.783 0.495 0.433
2.890 3.335 18.909 5.576
1.796 7.710 33.750 17.805
4.906 15.045 15.054 4.908
10.770 16.440 0.560 5.902
6.159 2.020 0.561 2.134
21.371 8.819 9.665 1.676
2.306 6.799 5.050 12.446
10.326 12.542 1.255 4.932
9.986 7.817 5.273 2.112
14.099 11.619 5.878 1.710
3.963 6.713 3.619 11.711
6.331 3.605 14.307 7.659
3.488 2.986 9.181 9.868
0.444 3.327 14.853 10.647
4.655 8.490 4.820 8.518
3.715 2.537 5.336 0.570
4.972 11.390 4.446 3.981
24.729 11.159 8.983 0.561
7.451 3.426 5.882 8.780
8.201 5.237 1.076 1.426
5.202 16.639 2.435 8.218
7.240 2.748 0.489 4.180
15.519 11.156 5.560 6.247
3.813 5.727 3.619 13.276
26.852 3.983 0.437 6.430
5.035 14.035 2.717 4.208
9.777 9.769 2.656 11.671
1.120 11.688 17.635 3.648
13.028 15.404 4.158 20.130
12.075 23.477 5.308 8.920
9.462 3.124 5.405 0.842
5.519 4.540 11.570 7.232
5.273 4.268 16.009 3.071
2.216 7.810 0.783 5.970
12.613 3.146 0.579 8.087
5.119 11.815 15.262 5.582
2.035 12.549 7.698 16.509
3.851 13.766 10.445 6.050
13.841 7.124 4.604 9.087
4.415 11.057 1.820 0.192
23.228 3.536 15.648 0.051
13.582 4.742 10.411 7.163
2.266 22.334 4.637 5.385
7.293 12.406 16.599 9.162
10.649 18.432 4.172 7.299
1.869 7.163 11.408 10.273
3.393 18.479 8.235 3.064
16.699 5.611 5.643 0.227
10.845 6.111 7.933 9.305
7.690 1.552 1.905 1.145
4.779 2.189 9.596 1.047
2.875 3.854 3.966 2.110
2.702 4.887 1.502 1.599
2.616 12.234 4.655 5.615
5.516 11.014 8.347 13.587
8.340 3.750 20.094 10.616
3.189 5.893 5.679 2.830
13.711 0.027 1.928 11.783
10.562 4.556 5.540 2.627
1.360 0.692 9.022 18.022
5.345 4.575 12.802 6.873
10.678 9.959 8.192 22.666
1.428 0.838 13.460 5.356
4.206 7.194 7.353 6.932
15.030 8.914 8.246 5.856
19.658 6.470 0.141 7.287
16.146 7.200 3.879 3.091
11.678 7.061 6.194 0.420
3.261 8.225 0.787 6.270
11.290 4.346 19.000 7.269
7.138 6.449 1.994 19.518
3.002 11.709 17.599 6.300
6.876 12.156 10.321 0.175
1.221 2.544 0.437 17.192
14.235 7.825 7.021 3.714
11.145 18.761 10.425 7.446
3.766 1.456 13.010 14.929
2.614 1.226 5.840 0.933
10.677 6.716 7.707 0.630
14.362 3.610 1.637 1.289
13.221 6.745 15.990 6.025
14.169 1.423 4.723 8.837
14.881 6.349 12.080 1.365
0.051 0.315 1.604 8.072
1.971 11.452 9.691 3.506
16.094 6.691 11.795 7.426
16.568 7.994 16.788 0.009
3.245 11.531 0.754 3.168
9.414 4.497 3.477 6.700
17.075 1.502 7.430 1.783
0.514 15.084 5.930 0.007
5.354 14.167 6.802 21.401
7.464 12.945 3.738 3.591
15.844 19.411 22.981 15.830
13.795 13.761 9.684 3.514
4.369 17.495 5.354 8.102
21.460 11.282 9.211 2.172
6.145 19.511 14.229 11.596
15.042 1.186 0.629 2.976
7.571 12.925 0.504 3.290
4.344 5.187 8.459 4.631
4.042 10.408 22.038 18.307
6.763 10.725 13.045 4.324
9.209 4.524 7.355 11.773
14.613 13.027 8.703 3.042
5.061 11.672 7.309 11.535
0.386 13.479 11.618 3.575
6.767 14.276 9.441 0.376
14.264 1.361 1.166 21.456
0.736 4.452 8.798 3.880
5.992 2.972 5.067 7.081
1.520 13.062 14.123 1.593
18.225 3.467 11.685 8.775
7.137 1.819 16.374 2.328
12.447 6.405 7.713 2.884
17.924 9.042 2.819 6.897
8.260 6.351 1.511 7.229
11.535 0.234 0.743 9.076
5.983 6.819 0.995 6.457
8.397 18.290 10.421 30.189
12.907 0.771 3.518 5.900
9.046 12.436 14.912 2.239
29.126 3.362 4.120 2.953
15.320 6.893 4.580 7.716
9.878 22.323 22.776 3.699
7.710 5.497 4.870 13.958
4.330 5.926 9.293 1.660
13.741 11.208 11.839 1.922
18.173 5.648 4.998 13.487
6.169 3.824 3.153 9.660
14.459 1.366 2.475 4.931
9.616 2.994 8.768 5.958
19.748 10.452 6.601 3.186
8.231 10.038 1.249 2.433
4.472 10.711 9.949 1.114
3.034 4.915 5.011 12.363
12.601 6.492 2.124 1.695
2.245 5.824 1.516 10.729
7.153 9.835 2.640 5.592
8.868 16.295 5.704 15.718
0.137 4.770 13.557 14.361
4.665 8.647 5.427 11.781
1.277 4.915 10.818 11.377
6.987 0.335 10.611 2.407
5.393 26.692 3.360 8.679
2.060 3.577 2.091 1.019
4.900 1.797 10.351 5.920
7.163 9.886 7.366 19.512
6.949 22.689 6.566 6.911
6.294 21.202 1.087 15.124
1.446 22.993 9.925 6.000
7.242 23.739 2.641 1.817
3.520 14.040 3.191 0.002
21.776 3.871 6.043 3.131
6.339 5.300 14.981 11.191
3.628 0.022 24.867 9.384
18.765 9.062 17.789 10.765
9.242 13.217 0.507 0.606
10.039 12.820 2.064 8.839
12.672 2.796 2.722 22.422
2.724 4.384 6.755 0.250
1.031 0.847 15.619 0.185
4.099 8.393 1.668 9.453
10.470 0.869 12.582 11.125
12.915 10.809 11.583 2.550
11.696 10.266 14.709 15.564
16.283 7.978 21.842 9.803
6.388 4.693 18.258 2.210
8.161 8.996 12.993 6.186
6.143 18.632 1.890 5.143
0.683 2.717 4.230 20.531
9.819 3.440 0.002 3.462
9.065 1.568 9.798 14.464
4.311 15.572 7.475 6.973
30.294 4.359 14.440 7.851
12.179 2.533 9.336 1.815
12.480 14.747 17.826 0.613
26.742 0.721 6.253 3.876
2.216 2.519 4.254 1.799
17.256 3.184 9.836 19.807
6.143 16.878 6.351 15.504
16.667 5.926 4.779 18.204
1.754 17.052 11.808 15.659
7.417 11.010 11.492 8.824
15.081 0.280 11.068 26.716
7.851 2.076 12.928 8.799
14.787 34.683 2.240 28.304
3.618 20.532 1.889 5.166
5.738 8.860 15.610 0.210
8.255 8.167 3.536 12.915
1.943 0.989 3.513 2.715
17.464 3.705 12.174 34.230
3.619 9.118 9.051 9.736
10.810 12.648 2.603 3.921
4.632 7.455 1.950 21.233
3.973 13.480 2.181 8.801
9.557 15.303 3.141 10.882
14.006 10.548 16.360 2.335
13.656 3.696 8.601 6.062
1.579 4.321 18.440 12.426
3.993 0.861 1.930 16.371
7.255 2.062 20.446 0.509
9.035 8.833 13.666 15.439
1.109 6.058 3.871 9.408
16.225 6.842 8.490 20.810
8.091 2.853 5.994 11.981
7.310 4.411 4.292 12.223
6.118 19.194 3.599 21.756
1.416 5.232 0.513 5.910
11.653 21.889 14.374 10.518
6.226 3.955 1.507 5.106
16.048 5.933 10.579 3.528
6.247 3.147 12.086 7.432
4.652 0.139 1.631 8.929
9.805 13.736 5.731 2.745
7.298 1.227 1.012 2.162
8.680 10.030 6.649 16.626
14.305 5.592 6.011 0.193
8.923 10.233 14.172 9.797
12.138 1.686 23.828 12.855
8.600 9.800 6.260 0.274
0.750 2.113 5.902 22.461
2.456 3.402 11.014 26.202
1.314 2.435 1.070 4.707
2.278 4.909 7.090 6.344
11.867 22.864 7.205 2.303
1.063 12.943 1.740 4.533
9.078 6.126 11.591 8.277
4.397 3.586 1.558 6.600
2.538 7.651 9.633 15.368
6.571 5.366 21.917 2.425
3.983 4.234 18.147 16.415
15.380 7.163 11.957 16.091
14.165 4.012 11.464 21.581
0.736 1.930 4.341 11.216
16.836 0.325 4.028 0.221
8.834 23.021 10.793 4.146
14.695 12.478 19.526 1.826
15.779 7.250 7.379 1.309
4.642 30.671 19.023 4.323
0.190 3.982 18.632 2.643
20.854 11.103 20.264 4.520
3.762 7.922 13.192 2.736
11.636 5.065 5.964 8.594
6.907 17.395 5.932 0.832
10.753 8.105 0.674 4.572
15.551 9.929 2.140 2.306
12.306 11.303 2.230 11.280
8.483 7.284 20.610 13.353
8.888 24.269 14.633 12.769
12.520 11.406 0.746 0.745
12.242 7.046 16.638 5.691
4.103 7.441 5.661 5.349
12.621 12.730 0.695 6.013
7.804 10.691 5.620 3.404
13.875 4.335 9.014 22.473
4.648 4.332 12.876 11.725
6.798 8.047 9.239 7.536
3.011 8.373 3.260 3.646
7.099 12.199 10.136 6.129
9.241 3.939 15.243 15.177
15.228 7.757 9.622 19.365
3.829 7.386 17.820 5.847
25.174 9.152 1.518 5.160
9.579 0.041 1.980 7.020
8.027 19.425 4.379 3.674
2.275 0.092 14.692 20.967
0.806 9.661 6.277 15.625
8.756 20.862 17.832 4.246
2.369 21.550 12.242 0.966
14.673 13.904 2.259 7.369
27.602 31.429 4.535 6.751
16.238 11.671 1.162 2.385
3.312 7.602 6.562 10.385
