	S	I0	M1	D1	I1	M2	D2	I2	M3	D3	I3	M4	D4	I4	M5	D5	I5	M6	D6	I6	E
S	0	0.009708737864077669	0.7648327939590076	0.22545846817691476	0	0	0	0	0	0	0	0	0	0	0	0	0	0	0	0	0
I0	0	0.33333333333333337	0.33333333333333337	0.33333333333333337	0	0	0	0	0	0	0	0	0	0	0	0	0	0	0	0	0
M1	0	0	0	0	0.009708737864077669	0.7031900138696255	0.2871012482662968	0	0	0	0	0	0	0	0	0	0	0	0	0	0
D1	0	0	0	0	0.009708737864077669	0.9805825242718447	0.009708737864077669	0	0	0	0	0	0	0	0	0	0	0	0	0	0
I1	0	0	0	0	0.33333333333333337	0.33333333333333337	0.33333333333333337	0	0	0	0	0	0	0	0	0	0	0	0	0	0
M2	0	0	0	0	0	0	0	0.7031900138696255	0.2871012482662968	0.009708737864077669	0	0	0	0	0	0	0	0	0	0	0
D2	0	0	0	0	0	0	0	0.9805825242718447	0.009708737864077669	0.009708737864077669	0	0	0	0	0	0	0	0	0	0	0
I2	0	0	0	0	0	0	0	0.3627537511032657	0.45101500441306264	0.18623124448367168	0	0	0	0	0	0	0	0	0	0	0
M3	0	0	0	0	0	0	0	0	0	0	0.009708737864077669	0.9805825242718447	0.009708737864077669	0	0	0	0	0	0	0	0
D3	0	0	0	0	0	0	0	0	0	0	0.009708737864077669	0.49514563106796117	0.49514563106796117	0	0	0	0	0	0	0	0
I3	0	0	0	0	0	0	0	0	0	0	0.33333333333333337	0.33333333333333337	0.33333333333333337	0	0	0	0	0	0	0	0
M4	0	0	0	0	0	0	0	0	0	0	0	0	0	0.616504854368932	0.2524271844660194	0.13106796116504854	0	0	0	0	0
D4	0	0	0	0	0	0	0	0	0	0	0	0	0	0.009708737864077669	0.9805825242718447	0.009708737864077669	0	0	0	0	0
I4	0	0	0	0	0	0	0	0	0	0	0	0	0	0.009708737864077669	0.9805825242718447	0.009708737864077669	0	0	0	0	0
M5	0	0	0	0	0	0	0	0	0	0	0	0	0	0	0	0	0.009708737864077669	0.8592233009708737	0.13106796116504854	0	0
D5	0	0	0	0	0	0	0	0	0	0	0	0	0	0	0	0	0.009708737864077669	0.9805825242718447	0.009708737864077669	0	0
I5	0	0	0	0	0	0	0	0	0	0	0	0	0	0	0	0	0.33333333333333337	0.33333333333333337	0.33333333333333337	0	0
M6	0	0	0	0	0	0	0	0	0	0	0	0	0	0	0	0	0	0	0	0.00980392156862745	0.9901960784313726
D6	0	0	0	0	0	0	0	0	0	0	0	0	0	0	0	0	0	0	0	0.00980392156862745	0.9901960784313726
I6	0	0	0	0	0	0	0	0	0	0	0	0	0	0	0	0	0	0	0	0.5	0.5
E	0	0	0	0	0	0	0	0	0	0	0	0	0	0	0	0	0	0	0	0	0
--------
	A	B	C	D	E
S	0	0	0	0	0
I0	0.19999999999999998	0.19999999999999998	0.19999999999999998	0.19999999999999998	0.19999999999999998
M1	0.009523809523809523	0.009523809523809523	0.009523809523809523	0.145578231292517	0.8258503401360543
D1	0	0	0	0	0
I1	0.19999999999999998	0.19999999999999998	0.19999999999999998	0.19999999999999998	0.19999999999999998
M2	0.009523809523809523	0.8258503401360543	0.009523809523809523	0.009523809523809523	0.145578231292517
D2	0	0	0	0	0
I2	0.4424242424242424	0.009523809523809523	0.009523809523809523	0.0961038961038961	0.4424242424242424
M3	0.8258503401360543	0.145578231292517	0.009523809523809523	0.009523809523809523	0.009523809523809523
D3	0	0	0	0	0
I3	0.19999999999999998	0.19999999999999998	0.19999999999999998	0.19999999999999998	0.19999999999999998
M4	0.009523809523809523	0.009523809523809523	0.009523809523809523	0.9619047619047618	0.009523809523809523
D4	0	0	0	0	0
I4	0.009523809523809523	0.009523809523809523	0.9619047619047618	0.009523809523809523	0.009523809523809523
M5	0.009523809523809523	0.009523809523809523	0.009523809523809523	0.9619047619047618	0.009523809523809523
D5	0	0	0	0	0
I5	0.19999999999999998	0.19999999999999998	0.19999999999999998	0.19999999999999998	0.19999999999999998
M6	0.009523809523809523	0.24761904761904763	0.7238095238095238	0.009523809523809523	0.009523809523809523
D6	0	0	0	0	0
I6	0.19999999999999998	0.19999999999999998	0.19999999999999998	0.19999999999999998	0.19999999999999998
E	0	0	0	0	0
