990 1045
118 148
219 985
284 369
796 318
965 944
965 267
478 660
497 576
234 51
244 87
768 973
778 527
905 722
830 506
638 63
855 962
651 964
342 259
402 926
52 689
959 31
721 132
836 157
192 955
267 593
830 254
822 174
988 149
436 553
399 423
921 84
168 868
281 727
895 800
112 946
13 960
169 49
569 970
887 222
828 849
809 308
684 960
803 833
719 159
445 117
916 107
650 748
984 249
881 661
291 857
38 119
975 233
508 250
699 45
716 23
567 74
595 914
823 912
763 789
259 544
535 413
989 970
558 59
876 433
397 704
501 331
415 788
711 592
787 129
248 62
940 783
640 276
418 872
715 962
514 121
90 607
726 910
358 271
693 45
644 768
706 7
722 109
209 265
71 275
450 424
40 42
378 140
249 109
515 252
650 980
934 758
347 676
734 775
366 854
278 643
21 121
720 42
285 595
283 591
12 588
693 98
353 241
417 228
379 179
539 368
636 322
269 551
647 106
85 621
524 340
51 48
890 483
71 126
365 516
170 686
918 573
812 464
839 924
210 325
816 780
790 835
954 179
721 915
323 300
299 622
5 530
198 234
125 875
606 947
344 408
913 854
957 953
303 869
622 102
157 80
292 458
556 436
848 133
886 973
897 762
660 834
594 2
609 814
38 606
167 958
885 298
525 925
449 238
730 10
8 354
454 759
146 316
594 823
446 570
415 640
273 460
85 960
830 238
494 356
603 498
270 882
68 27
718 699
488 563
506 318
917 677
865 220
615 220
925 594
327 55
106 168
95 620
776 472
897 729
131 790
613 459
862 739
800 462
487 519
879 257
892 924
285 14
89 104
635 477
814 316
970 806
23 208
47 594
379 309
705 730
97 656
112 596
531 779
688 252
552 681
768 272
19 150
546 450
230 399
255 362
384 65
127 797
522 427
232 386
624 511
594 528
228 676
10 499
196 973
635 103
940 433
213 888
978 479
418 600
583 118
631 152
611 462
374 227
545 226
956 804
674 531
925 408
125 730
124 170
440 539
873 611
952 389
948 375
949 648
630 740
121 236
149 395
614 935
838 913
873 524
798 896
403 616
916 90
699 777
82 793
957 370
519 940
603 367
556 519
522 102
810 460
981 617
981 707
868 109
351 731
132 172
823 171
569 661
125 848
255 107
256 704
983 223
185 701
845 494
522 390
436 320
416 337
702 789
189 253
438 904
791 705
335 56
543 853
210 811
822 981
447 719
941 812
219 671
491 446
630 736
917 425
772 677
628 162
897 784
494 574
691 900
917 349
840 927
11 823
948 647
758 296
752 787
844 732
37 930
951 647
131 507
723 424
833 699
651 158
211 812
319 947
473 797
901 304
172 690
635 758
430 928
374 875
296 973
103 822
11 761
340 655
199 2
138 676
889 154
43 633
17 838
835 982
556 45
781 857
578 341
855 381
399 576
293 655
414 703
396 3
693 336
474 685
205 223
741 509
336 881
462 235
137 147
973 642
966 417
653 207
149 642
64 658
839 217
642 88
484 213
244 18
59 482
768 131
330 297
773 323
753 882
233 142
166 808
118 507
730 403
636 275
192 167
147 453
53 16
382 308
764 986
659 390
758 245
813 125
850 918
660 22
267 670
217 210
426 819
346 957
117 887
780 230
897 696
697 136
827 528
381 76
718 490
786 105
250 583
40 400
606 231
251 131
117 339
244 25
527 770
754 856
550 97
823 797
194 640
276 93
773 870
441 475
359 223
696 823
217 271
46 201
864 840
237 853
105 77
713 833
866 265
136 684
79 392
564 514
772 239
147 595
765 970
590 849
119 564
625 981
989 390
903 625
976 974
256 200
654 790
741 574
361 948
983 606
292 884
161 377
805 902
665 171
705 80
240 151
973 38
294 633
111 925
395 923
836 149
199 897
176 723
127 709
585 199
945 142
669 639
151 305
269 324
321 891
596 736
925 43
165 495
818 947
661 933
617 804
915 682
490 457
498 620
505 510
686 752
977 412
97 845
907 652
771 980
340 937
436 43
713 869
911 308
696 2
133 448
353 735
787 8
567 133
76 65
828 907
794 90
888 190
63 755
848 680
464 77
497 564
652 376
854 11
637 140
213 618
566 136
785 748
193 221
987 706
776 880
650 926
643 899
513 250
870 783
934 192
249 928
506 798
861 866
192 426
876 720
370 362
492 382
371 936
151 371
272 395
910 498
321 246
495 372
896 590
787 430
377 825
350 875
93 172
524 561
603 267
803 349
413 537
594 85
670 342
319 337
129 450
674 349
633 817
582 329
328 332
824 902
402 398
41 86
374 101
140 485
4 471
230 866
357 410
631 491
575 372
349 943
598 191
157 389
31 746
313 471
11 234
245 698
311 209
152 59
488 693
802 820
238 102
69 889
463 285
421 448
453 699
941 951
707 849
107 499
210 87
243 498
811 11
862 149
741 267
711 635
727 304
270 327
748 742
912 124
880 896
755 99
389 534
758 508
803 602
848 141
551 686
741 3
678 723
329 429
440 680
943 80
615 744
229 763
262 341
721 95
885 425
437 804
860 641
972 883
759 314
21 889
232 148
740 957
325 558
766 55
889 484
504 70
645 978
63 44
325 665
449 455
985 834
729 42
568 340
25 874
131 57
286 705
420 890
266 523
493 877
602 161
707 320
708 65
63 972
321 296
880 144
29 803
949 422
9 293
293 507
102 15
155 85
134 654
917 942
21 78
330 429
389 98
801 69
407 689
904 916
499 152
214 548
947 322
850 230
368 469
683 443
738 633
874 224
736 707
922 505
136 324
803 194
326 807
100 646
202 938
291 544
54 204
479 502
408 432
623 383
927 602
294 224
183 332
961 872
133 858
647 331
640 835
962 187
119 985
892 914
453 536
864 576
735 348
565 220
99 781
341 733
865 357
70 386
202 155
241 537
221 356
643 229
878 375
667 118
26 940
884 813
713 782
40 193
723 295
187 89
907 412
744 451
117 745
517 500
286 842
2 396
677 27
615 924
907 569
593 238
109 885
282 281
758 515
637 775
799 520
639 690
201 335
445 298
126 712
617 695
398 795
89 141
103 799
844 43
983 748
165 251
638 890
732 625
519 650
432 351
664 889
909 622
140 332
143 952
515 459
733 54
639 283
353 264
289 323
142 399
612 758
577 552
226 834
663 678
565 131
85 141
583 642
582 654
238 860
731 890
515 953
775 51
837 817
627 977
601 777
539 813
435 770
184 152
269 786
348 378
308 543
779 589
178 471
377 304
602 315
977 124
409 987
769 2
671 496
541 640
576 678
231 427
958 48
133 298
20 498
749 359
959 53
517 323
392 633
230 585
155 788
327 335
520 695
335 99
848 247
683 637
388 525
636 930
530 422
414 176
862 965
516 639
156 620
723 542
529 701
74 863
900 646
307 444
626 83
738 643
463 501
58 899
731 954
797 246
493 177
752 155
301 611
124 353
15 754
58 202
698 48
117 972
940 208
499 298
349 976
360 882
288 737
565 697
265 302
545 569
786 559
953 510
752 343
890 727
138 526
196 502
841 420
981 321
42 736
587 601
932 832
662 963
692 407
720 933
59 478
210 64
476 375
166 543
824 687
989 779
668 596
251 276
484 583
277 719
695 508
373 950
222 756
975 234
651 467
902 515
826 394
394 481
261 662
747 908
540 902
761 147
210 300
956 573
688 638
725 427
315 972
378 380
936 873
178 736
626 797
413 471
201 516
424 912
88 619
676 107
933 958
305 261
143 87
772 101
539 815
561 864
376 304
325 436
920 239
953 591
311 451
33 298
709 865
660 241
4 158
482 327
302 682
213 469
769 748
182 22
410 832
702 540
255 389
194 671
918 238
92 53
183 238
399 71
457 543
430 3
162 219
340 270
398 481
981 238
444 18
382 129
637 562
581 709
9 783
201 518
737 432
356 616
833 836
931 651
444 582
730 456
505 577
222 633
824 437
695 498
248 20
922 879
408 365
40 802
446 853
86 822
353 451
699 850
973 805
479 781
56 23
633 2
601 341
660 676
885 370
378 77
210 513
105 583
403 872
843 960
599 286
485 919
40 446
331 799
925 607
308 766
579 383
697 82
604 686
400 207
463 457
58 464
961 288
524 610
722 119
843 772
728 295
809 79
544 825
724 226
683 674
461 783
51 462
653 966
460 914
309 479
732 577
32 287
588 569
832 835
230 926
678 79
632 683
534 89
644 956
102 198
149 18
279 566
866 562
694 79
227 370
86 206
81 750
990 401
721 374
602 711
98 325
886 490
272 205
678 176
561 537
875 135
680 323
390 808
538 929
435 925
708 69
205 463
465 794
340 26
410 969
980 47
448 200
319 512
465 625
494 970
876 718
24 903
609 333
913 824
912 956
128 390
565 101
170 334
75 245
356 821
301 778
696 426
187 662
695 975
789 825
944 811
519 224
692 408
26 707
151 349
665 985
896 775
754 772
187 848
711 499
535 485
841 284
219 785
600 982
30 217
332 675
796 216
57 528
56 189
728 636
829 606
518 72
523 403
614 291
645 153
415 696
655 752
591 323
313 8
462 354
129 1
911 890
350 614
574 428
718 529
129 579
648 973
990 757
151 177
633 434
27 940
684 39
441 431
357 82
367 383
851 622
225 837
59 817
931 390
127 89
135 508
967 86
36 1
332 901
92 860
132 946
180 513
696 4
557 465
78 897
957 695
802 657
592 126
393 941
229 762
174 841
70 314
314 755
831 46
485 100
