846 1673
821 399
718 659
44 582
597 798
843 434
739 46
270 217
297 208
269 565
456 807
711 696
255 844
143 363
423 555
66 721
184 487
120 335
653 166
145 12
572 429
607 547
278 288
635 522
285 622
50 323
302 638
150 823
521 20
210 153
231 411
770 609
186 478
173 233
412 646
45 526
288 412
237 513
334 388
390 362
469 580
82 52
26 831
766 26
587 299
661 764
115 593
177 150
492 810
550 721
238 247
675 88
33 378
555 96
132 634
562 146
411 351
614 186
122 291
808 104
763 637
526 584
536 593
494 356
546 320
287 87
754 104
40 219
724 365
326 65
612 795
557 337
272 13
458 706
558 682
522 580
340 14
699 827
737 492
80 382
707 212
708 187
39 133
169 371
266 671
51 713
128 724
130 126
598 178
655 297
783 723
129 318
296 793
686 447
160 61
197 285
251 747
792 562
214 741
269 326
306 720
255 685
793 687
789 218
119 696
230 302
329 436
58 663
445 640
17 23
695 763
203 300
646 293
815 502
85 602
582 317
434 431
166 126
210 659
218 44
164 619
354 105
455 222
835 667
802 529
757 793
621 204
10 57
126 112
552 359
459 434
811 364
133 264
256 280
477 160
8 681
124 736
549 348
93 389
534 277
827 285
668 799
27 500
661 729
569 787
668 654
652 413
18 32
644 841
171 680
816 178
835 760
519 621
173 614
395 251
470 669
653 692
43 144
597 340
139 555
364 358
737 207
846 780
281 353
91 374
280 39
481 183
837 178
695 227
485 638
364 769
322 444
701 811
207 491
337 551
747 521
131 425
580 789
599 312
468 219
696 724
698 430
76 334
168 588
91 364
504 762
71 607
717 211
78 66
335 26
564 378
833 747
815 290
234 785
186 419
210 583
278 498
599 320
661 621
315 439
363 425
695 40
642 212
751 746
615 89
314 10
360 677
32 775
783 779
662 519
664 279
78 244
67 101
162 513
698 449
825 527
836 326
625 32
843 105
661 840
304 372
752 536
39 430
831 148
599 455
413 27
511 178
6 394
634 419
840 243
271 457
644 674
774 753
151 167
273 107
566 493
687 70
159 387
179 650
291 452
367 236
9 302
820 31
698 777
646 34
426 564
569 540
8 353
447 528
603 240
72 467
457 671
540 140
706 676
12 130
163 54
92 112
735 819
260 635
126 510
163 730
793 713
562 621
620 128
697 19
443 307
117 351
402 232
32 803
35 155
36 747
263 326
16 828
603 593
581 450
305 274
732 159
398 752
522 6
249 359
105 125
233 48
111 493
349 611
595 693
566 502
204 457
382 41
717 303
610 235
811 822
594 442
25 410
83 345
500 617
200 357
310 437
406 69
709 646
174 420
195 426
713 150
314 766
639 212
353 495
824 297
775 36
690 529
553 497
206 162
707 238
92 528
509 766
769 259
383 384
188 146
285 371
804 559
35 289
765 766
759 288
485 156
16 146
57 747
594 428
334 549
427 584
556 427
445 623
247 295
699 720
230 308
177 184
238 340
228 423
671 168
395 523
355 477
433 666
72 176
42 808
49 285
784 285
327 825
492 581
288 321
624 230
389 295
67 606
585 157
72 808
202 727
444 632
691 703
694 408
567 138
767 649
845 548
37 743
6 451
335 395
688 763
411 561
232 445
804 386
788 783
533 306
431 675
754 58
476 565
19 297
191 712
836 95
452 391
726 720
198 404
74 142
58 497
151 774
606 416
2 159
331 130
647 786
29 673
836 55
508 731
767 601
441 201
372 58
793 269
116 7
439 785
674 24
363 19
609 565
132 476
264 684
644 696
531 165
693 678
812 532
313 225
116 360
151 140
742 49
524 380
806 487
844 768
723 177
410 354
697 436
23 39
242 576
72 353
226 541
244 172
189 50
411 248
156 684
164 359
593 380
745 419
581 77
696 718
404 303
117 711
832 765
173 256
301 790
160 448
365 836
168 725
703 26
729 110
841 191
610 654
699 252
225 194
633 61
486 43
117 607
559 103
84 69
809 813
304 488
199 403
812 823
688 472
564 782
486 83
200 205
196 504
281 89
302 140
231 466
490 161
491 53
351 10
63 572
619 746
826 355
722 464
650 53
427 244
712 326
606 391
148 592
349 540
226 550
628 295
4 342
463 334
76 801
71 112
291 787
485 401
116 292
261 221
156 293
201 437
250 629
743 531
16 272
504 45
307 800
288 830
330 425
206 817
544 832
138 586
359 411
677 551
325 338
321 458
618 352
396 118
168 546
723 710
234 303
325 57
632 118
244 143
307 723
566 482
553 404
360 197
814 461
520 762
376 110
696 514
610 78
382 279
437 413
397 575
626 362
367 22
739 89
8 354
558 357
137 655
362 57
261 278
390 186
138 636
267 454
17 200
329 206
650 525
264 42
637 683
487 37
41 408
738 558
566 333
107 549
398 499
734 199
244 544
581 821
208 254
169 826
684 66
8 504
710 801
839 301
289 78
22 818
21 810
11 559
67 209
550 179
539 398
245 535
21 593
333 671
15 119
349 319
759 450
802 611
181 652
168 58
521 39
447 178
363 831
829 353
687 178
709 830
801 206
512 135
203 315
799 707
42 368
48 156
72 605
56 759
327 657
497 174
610 478
712 525
341 320
722 231
355 7
660 782
130 346
96 470
439 638
210 89
725 78
114 198
441 577
671 448
381 113
644 169
385 599
336 670
585 349
427 333
88 755
681 648
125 404
237 698
521 272
5 143
706 275
674 667
313 318
344 356
554 507
634 6
687 112
173 85
193 500
841 526
384 276
493 846
685 645
579 414
614 818
310 586
258 59
133 414
673 182
547 54
50 706
616 40
39 6
183 697
555 496
406 408
3 92
7 459
381 583
531 230
617 751
391 370
105 74
533 581
554 736
574 136
431 393
586 800
842 438
753 654
421 709
812 367
669 274
584 278
582 769
380 764
554 15
478 63
106 758
196 705
401 818
275 156
441 209
172 346
213 803
460 445
296 508
846 596
340 599
622 330
521 419
608 94
647 692
499 223
175 2
664 666
575 749
197 343
234 483
482 466
118 255
629 651
613 54
690 171
69 611
51 232
380 191
241 604
175 11
468 7
87 288
330 599
351 842
814 438
263 366
803 832
846 312
686 161
492 214
590 246
97 376
794 270
29 531
47 291
713 521
789 9
665 27
816 471
8 327
684 96
687 638
390 223
270 513
659 25
593 154
556 631
43 844
525 139
140 239
86 226
804 326
146 79
630 495
81 788
388 400
778 536
127 771
804 432
479 171
467 819
444 443
413 548
277 725
473 554
276 726
374 378
625 803
519 369
393 665
215 222
289 131
555 549
57 594
796 616
583 542
457 659
635 640
139 753
212 25
421 307
633 781
541 215
286 324
328 389
699 61
169 557
777 481
286 215
608 113
496 405
28 665
430 726
58 795
395 167
497 296
118 498
350 793
102 158
208 754
13 570
548 166
626 642
223 784
403 731
25 364
543 696
770 174
140 519
484 373
205 732
615 17
429 404
767 170
846 208
426 231
781 634
474 41
342 435
458 724
725 429
124 127
804 572
570 468
614 480
670 753
140 574
87 28
623 373
59 112
41 669
392 797
619 718
516 460
795 168
23 763
345 240
68 211
402 482
208 259
480 632
789 606
218 273
291 330
682 841
238 566
170 216
125 234
490 725
833 348
411 297
108 10
216 304
382 304
485 449
294 347
388 735
596 612
756 426
187 569
122 23
75 473
809 6
24 116
743 64
256 716
477 630
242 246
557 786
104 636
57 93
167 392
683 14
459 821
171 367
350 425
249 90
179 758
399 228
455 11
475 226
411 468
372 746
272 141
643 475
422 489
562 844
548 280
16 317
327 398
571 336
679 211
101 790
729 781
782 639
587 523
312 27
238 722
387 725
762 389
583 735
285 824
270 547
754 139
650 584
232 236
92 35
22 676
3 530
283 802
714 636
609 504
129 515
593 553
7 550
803 392
823 366
163 809
384 453
431 283
26 243
441 56
444 195
320 492
210 391
12 324
108 208
684 777
814 380
283 756
122 340
303 66
366 284
552 736
400 637
152 675
12 788
303 622
600 667
531 539
295 170
637 37
797 102
308 332
293 581
765 231
300 469
105 59
440 688
187 328
136 307
376 514
144 307
201 166
844 54
170 542
400 38
182 142
336 47
340 273
161 52
678 627
219 183
829 424
461 78
47 544
30 253
295 700
262 16
449 98
340 759
548 60
382 110
3 481
495 256
261 653
743 825
733 580
829 251
70 828
454 714
539 784
668 436
764 45
693 103
559 775
610 647
673 475
235 598
415 657
418 269
249 9
638 166
143 280
682 42
576 569
350 265
540 582
299 304
392 238
819 691
53 193
60 232
332 308
569 744
418 260
653 150
649 91
209 604
709 241
216 731
380 86
337 154
110 497
807 64
286 124
200 253
309 389
793 789
475 367
738 126
262 323
178 188
142 629
178 440
750 601
521 669
413 314
483 378
517 745
637 106
516 758
186 298
298 103
317 359
518 92
614 411
83 421
836 557
378 62
609 288
537 3
811 115
154 184
779 74
698 838
361 175
343 11
9 459
687 391
13 638
495 301
692 609
481 138
816 819
68 11
802 759
147 742
388 207
685 591
816 125
688 770
213 318
290 396
455 145
313 392
25 406
784 165
640 186
128 462
495 704
270 803
751 430
166 401
451 567
397 506
382 717
280 471
447 515
342 606
552 590
194 811
198 121
552 392
4 568
42 192
226 73
759 840
744 281
138 75
773 498
270 185
844 230
455 722
832 171
378 368
159 21
42 382
796 496
250 796
640 39
400 539
257 422
832 388
37 400
491 259
105 560
664 545
791 599
741 57
356 25
211 707
485 379
380 730
127 405
306 709
341 174
15 608
148 522
139 690
349 264
367 601
836 507
285 107
366 110
80 845
362 804
788 696
726 329
346 336
148 529
243 200
673 44
197 369
296 659
266 384
420 39
4 105
611 707
279 252
546 414
709 178
628 6
780 803
711 532
806 807
57 292
525 422
251 746
272 729
220 122
844 727
223 588
121 798
414 771
821 705
704 422
172 388
446 798
828 607
616 343
509 225
727 331
674 254
417 196
818 798
69 424
161 223
412 636
776 651
84 43
391 729
530 679
466 279
178 483
106 657
808 481
493 719
520 437
281 832
415 532
202 380
260 458
193 300
33 301
513 432
566 442
240 316
371 688
530 561
530 250
36 12
493 712
413 785
530 13
240 574
404 468
471 396
60 518
595 555
132 461
529 560
533 339
166 233
703 560
562 254
714 840
295 524
643 221
627 448
203 15
539 425
351 618
561 114
742 580
273 416
477 149
705 114
306 296
99 409
262 605
835 772
90 380
245 75
659 798
733 294
550 292
310 66
634 413
182 455
694 732
171 236
118 32
357 611
414 395
810 586
3 788
549 608
809 755
476 409
131 411
741 606
598 23
435 49
369 789
743 330
268 759
417 257
842 105
522 420
760 131
72 425
63 149
306 96
839 725
250 325
308 243
119 708
652 675
361 799
343 710
808 346
826 25
775 725
193 282
450 830
115 323
522 730
344 777
754 291
458 320
813 761
105 458
345 640
271 680
551 298
3 762
268 372
215 95
532 184
554 272
292 708
265 491
404 763
410 449
86 309
446 115
105 774
74 232
238 696
40 669
81 589
574 310
822 354
152 453
319 123
493 180
540 421
559 566
109 484
26 94
232 679
633 565
837 796
146 385
38 324
97 792
707 662
486 255
289 68
166 87
621 544
68 461
715 654
629 76
116 433
319 838
530 822
20 417
47 840
110 578
594 247
724 473
428 59
545 183
695 23
350 561
86 554
106 335
545 514
820 87
219 405
437 86
184 742
404 446
618 248
360 93
547 755
821 496
94 231
645 584
798 271
585 756
549 172
630 659
708 175
109 780
254 156
790 818
319 554
129 567
304 796
583 595
841 721
19 32
516 57
741 328
325 752
822 726
182 716
200 715
508 223
369 575
117 638
780 254
725 480
487 519
493 145
496 533
479 834
523 783
360 261
143 27
308 663
22 54
157 177
197 87
696 573
806 203
21 247
247 270
450 665
716 842
351 203
797 519
762 283
525 536
782 478
530 24
259 546
476 117
689 844
322 590
59 52
188 683
509 663
423 534
709 360
321 575
285 230
323 335
56 210
553 244
8 234
24 42
373 500
543 445
807 376
115 805
615 556
128 439
383 540
250 835
513 772
73 183
685 488
391 808
714 392
552 35
539 693
214 819
180 839
437 710
296 486
205 660
564 602
164 242
115 219
478 485
281 365
444 292
97 639
265 116
213 833
88 475
403 482
27 584
169 308
163 572
773 315
97 202
189 239
49 303
287 840
8 159
323 435
719 143
102 135
178 537
602 666
625 267
2 340
166 62
624 696
624 77
535 548
720 294
815 729
82 559
179 46
531 197
636 505
109 407
274 770
296 726
43 354
209 449
357 398
17 662
168 91
739 260
484 7
599 453
305 233
669 204
233 658
662 286
742 200
618 74
251 559
694 111
682 687
9 479
442 90
572 25
800 557
819 485
398 736
81 688
796 6
799 444
124 100
487 591
53 160
611 1
170 140
833 452
486 567
77 160
788 94
496 161
46 355
795 814
59 158
774 310
831 419
23 742
542 786
172 553
26 582
254 495
423 429
80 733
433 248
724 779
300 312
122 424
659 54
611 228
556 598
29 498
828 287
299 385
13 659
649 814
133 453
401 767
332 785
520 765
724 719
726 703
126 44
110 234
75 388
258 169
779 412
566 169
461 639
846 752
728 576
514 617
569 484
520 117
774 288
668 803
748 139
184 53
511 394
44 335
429 175
551 498
715 839
170 298
435 633
310 541
807 767
488 142
113 106
32 496
74 32
663 647
355 719
374 226
229 234
32 111
35 400
738 567
741 825
547 7
621 126
643 494
205 439
118 22
470 494
829 685
796 775
229 605
695 784
720 778
277 406
304 476
676 793
769 348
503 662
151 274
427 304
68 412
506 731
89 484
709 405
323 742
287 67
475 291
169 493
582 153
110 589
682 88
706 527
755 380
661 345
577 845
284 342
252 450
409 502
761 729
846 328
690 131
470 17
537 524
687 807
802 696
610 349
349 594
723 627
667 782
782 327
487 684
683 315
666 657
691 651
352 639
308 805
185 424
64 449
724 538
781 844
360 194
418 712
805 812
419 97
368 765
445 258
757 750
482 476
140 780
72 170
385 83
244 819
834 152
301 799
176 397
250 396
488 399
743 335
93 210
174 645
501 194
796 262
840 803
530 470
590 644
645 845
336 412
505 532
604 813
623 430
628 494
109 24
825 287
309 317
720 636
656 243
202 357
243 541
62 99
190 52
822 470
546 734
489 298
185 558
659 142
494 85
661 241
151 292
293 587
645 194
391 341
89 719
213 390
734 568
648 771
229 87
725 585
301 249
749 101
770 384
844 447
369 470
744 166
265 678
811 8
647 219
61 479
547 61
504 36
118 515
548 499
77 506
846 685
334 475
559 678
769 499
173 365
156 299
376 828
233 680
236 198
608 214
644 585
614 482
293 288
595 577
