	S	I0	M1	D1	I1	M2	D2	I2	M3	D3	I3	M4	D4	I4	M5	D5	I5	M6	D6	I6	M7	D7	I7	E
S	0	0	0.8888888888888888	0.1111111111111111	0	0	0	0	0	0	0	0	0	0	0	0	0	0	0	0	0	0	0	0
I0	0	0	0	0	0	0	0	0	0	0	0	0	0	0	0	0	0	0	0	0	0	0	0	0
M1	0	0	0	0	0.5	0.375	0.125	0	0	0	0	0	0	0	0	0	0	0	0	0	0	0	0	0
D1	0	0	0	0	0	1.0	0	0	0	0	0	0	0	0	0	0	0	0	0	0	0	0	0	0
I1	0	0	0	0	0	0.75	0.25	0	0	0	0	0	0	0	0	0	0	0	0	0	0	0	0	0
M2	0	0	0	0	0	0	0	0	0.8571428571428571	0.14285714285714285	0	0	0	0	0	0	0	0	0	0	0	0	0	0
D2	0	0	0	0	0	0	0	0	0.5	0.5	0	0	0	0	0	0	0	0	0	0	0	0	0	0
I2	0	0	0	0	0	0	0	0	0	0	0	0	0	0	0	0	0	0	0	0	0	0	0	0
M3	0	0	0	0	0	0	0	0	0	0	0.5714285714285714	0.42857142857142855	0	0	0	0	0	0	0	0	0	0	0	0
D3	0	0	0	0	0	0	0	0	0	0	0.5	0.5	0	0	0	0	0	0	0	0	0	0	0	0
I3	0	0	0	0	0	0	0	0	0	0	0	1.0	0	0	0	0	0	0	0	0	0	0	0	0
M4	0	0	0	0	0	0	0	0	0	0	0	0	0	0	0.6666666666666666	0.3333333333333333	0	0	0	0	0	0	0	0
D4	0	0	0	0	0	0	0	0	0	0	0	0	0	0	0	0	0	0	0	0	0	0	0	0
I4	0	0	0	0	0	0	0	0	0	0	0	0	0	0	0	0	0	0	0	0	0	0	0	0
M5	0	0	0	0	0	0	0	0	0	0	0	0	0	0	0	0	0	0.8333333333333334	0.16666666666666666	0	0	0	0	0
D5	0	0	0	0	0	0	0	0	0	0	0	0	0	0	0	0	0	1.0	0	0	0	0	0	0
I5	0	0	0	0	0	0	0	0	0	0	0	0	0	0	0	0	0	0	0	0	0	0	0	0
M6	0	0	0	0	0	0	0	0	0	0	0	0	0	0	0	0	0	0	0	0	0.875	0.125	0	0
D6	0	0	0	0	0	0	0	0	0	0	0	0	0	0	0	0	0	0	0	0	1.0	0	0	0
I6	0	0	0	0	0	0	0	0	0	0	0	0	0	0	0	0	0	0	0	0	0	0	0	0
M7	0	0	0	0	0	0	0	0	0	0	0	0	0	0	0	0	0	0	0	0	0	0	0	1.0
D7	0	0	0	0	0	0	0	0	0	0	0	0	0	0	0	0	0	0	0	0	0	0	0	1.0
I7	0	0	0	0	0	0	0	0	0	0	0	0	0	0	0	0	0	0	0	0	0	0	0	0
E	0	0	0	0	0	0	0	0	0	0	0	0	0	0	0	0	0	0	0	0	0	0	0	0
--------
	A	B	C	D	E
S	0	0	0	0	0
I0	0	0	0	0	0
M1	0.75	0	0.125	0.125	0
D1	0	0	0	0	0
I1	0.25	0	0	0.5	0.25
M2	0	0	0.8571428571428571	0	0.14285714285714285
D2	0	0	0	0	0
I2	0	0	0	0	0
M3	0	0.14285714285714285	0	0.8571428571428571	0
D3	0	0	0	0	0
I3	0	0	0	0	1.0
M4	0	1.0	0	0	0
D4	0	0	0	0	0
I4	0	0	0	0	0
M5	0	1.0	0	0	0
D5	0	0	0	0	0
I5	0	0	0	0	0
M6	0	0.875	0	0	0.125
D6	0	0	0	0	0
I6	0	0	0	0	0
M7	0.875	0	0	0	0.125
D7	0	0	0	0	0
I7	0	0	0	0	0
E	0	0	0	0	0
