1792 4504
1793 4502
1793 4503
1793 4504
1794 4500
1794 4501
1794 4502
1794 4503
1794 4504
1795 4498
1795 4499
1795 4500
1795 4501
1795 4502
1795 4503
1795 4504
1796 4496
1796 4497
1796 4498
1796 4499
1796 4500
1796 4501
1796 4502
1796 4503
1796 4504
1797 4494
1797 4495
1797 4496
1797 4497
1797 4498
1797 4499
1797 4500
1797 4501
1797 4502
1797 4503
1797 4504
1798 4492
1798 4493
1798 4494
1798 4495
1798 4496
1798 4497
1798 4498
1798 4499
1798 4500
1798 4501
1798 4502
1798 4503
1798 4504
1799 4490
1799 4491
1799 4492
1799 4493
1799 4494
1799 4495
1799 4496
1799 4497
1799 4498
1799 4499
1799 4500
1799 4501
1799 4502
1799 4503
1799 4504
1800 4488
1800 4489
1800 4490
1800 4491
1800 4492
1800 4493
1800 4494
1800 4495
1800 4496
1800 4497
1800 4498
1800 4499
1800 4500
1800 4501
1800 4502
1800 4503
1800 4504
1801 4486
1801 4487
1801 4488
1801 4489
1801 4490
1801 4491
1801 4492
1801 4493
1801 4494
1801 4495
1801 4496
1801 4497
1801 4498
1801 4499
1801 4500
1801 4501
1801 4502
1801 4503
1801 4504
1802 4484
1802 4485
1802 4486
1802 4487
1802 4488
1802 4489
1802 4490
1802 4491
1802 4492
1802 4493
1802 4494
1802 4495
1802 4496
1802 4497
1802 4498
1802 4499
1802 4500
1802 4501
1802 4502
1802 4503
1802 4504
1803 4482
1803 4483
1803 4484
1803 4485
1803 4486
1803 4487
1803 4488
1803 4489
1803 4490
1803 4491
1803 4492
1803 4493
1803 4494
1803 4495
1803 4496
1803 4497
1803 4498
1803 4499
1803 4500
1803 4501
1803 4502
1803 4503
1803 4504
1804 4480
1804 4481
1804 4482
1804 4483
1804 4484
1804 4485
1804 4486
1804 4487
1804 4488
1804 4489
1804 4490
1804 4491
1804 4492
1804 4493
1804 4494
1804 4495
1804 4496
1804 4497
1804 4498
1804 4499
1804 4500
1804 4501
1804 4502
1804 4503
1804 4504
1805 4478
1805 4479
1805 4480
1805 4481
1805 4482
1805 4483
1805 4484
1805 4485
1805 4486
1805 4487
1805 4488
1805 4489
1805 4490
1805 4491
1805 4492
1805 4493
1805 4494
1805 4495
1805 4496
1805 4497
1805 4498
1805 4499
1805 4500
1805 4501
1805 4502
1805 4503
1805 4504
1806 4476
1806 4477
1806 4478
1806 4479
1806 4480
1806 4481
1806 4482
1806 4483
1806 4484
1806 4485
1806 4486
1806 4487
1806 4488
1806 4489
1806 4490
1806 4491
1806 4492
1806 4493
1806 4494
1806 4495
1806 4496
1806 4497
1806 4498
1806 4499
1806 4500
1806 4501
1806 4502
1806 4503
1806 4504
1807 4474
1807 4475
1807 4476
1807 4477
1807 4478
1807 4479
1807 4480
1807 4481
1807 4482
1807 4483
1807 4484
1807 4485
1807 4486
1807 4487
1807 4488
1807 4489
1807 4490
1807 4491
1807 4492
1807 4493
1807 4494
1807 4495
1807 4496
1807 4497
1807 4498
1807 4499
1807 4500
1807 4501
1807 4502
1807 4503
1807 4504
1808 4472
1808 4473
1808 4474
1808 4475
1808 4476
1808 4477
1808 4478
1808 4479
1808 4480
1808 4481
1808 4482
1808 4483
1808 4484
1808 4485
1808 4486
1808 4487
1808 4488
1808 4489
1808 4490
1808 4491
1808 4492
1808 4493
1808 4494
1808 4495
1808 4496
1808 4497
1808 4498
1808 4499
1808 4500
1808 4501
1808 4502
1808 4503
1808 4504
1809 4470
1809 4471
1809 4472
1809 4473
1809 4474
1809 4475
1809 4476
1809 4477
1809 4478
1809 4479
1809 4480
1809 4481
1809 4482
1809 4483
1809 4484
1809 4485
1809 4486
1809 4487
1809 4488
1809 4489
1809 4490
1809 4491
1809 4492
1809 4493
1809 4494
1809 4495
1809 4496
1809 4497
1809 4498
1809 4499
1809 4500
1809 4501
1809 4502
1809 4503
1809 4504
1810 4468
1810 4469
1810 4470
1810 4471
1810 4472
1810 4473
1810 4474
1810 4475
1810 4476
1810 4477
1810 4478
1810 4479
1810 4480
1810 4481
1810 4482
1810 4483
1810 4484
1810 4485
1810 4486
1810 4487
1810 4488
1810 4489
1810 4490
1810 4491
1810 4492
1810 4493
1810 4494
1810 4495
1810 4496
1810 4497
1810 4498
1810 4499
1810 4500
1810 4501
1810 4502
1810 4503
1810 4504
1811 4466
1811 4467
1811 4468
1811 4469
1811 4470
1811 4471
1811 4472
1811 4473
1811 4474
1811 4475
1811 4476
1811 4477
1811 4478
1811 4479
1811 4480
1811 4481
1811 4482
1811 4483
1811 4484
1811 4485
1811 4486
1811 4487
1811 4488
1811 4489
1811 4490
1811 4491
1811 4492
1811 4493
1811 4494
1811 4495
1811 4496
1811 4497
1811 4498
1811 4499
1811 4500
1811 4501
1811 4502
1811 4503
1811 4504
1812 4464
1812 4465
1812 4466
1812 4467
1812 4468
1812 4469
1812 4470
1812 4471
1812 4472
1812 4473
1812 4474
1812 4475
1812 4476
1812 4477
1812 4478
1812 4479
1812 4480
1812 4481
1812 4482
1812 4483
1812 4484
1812 4485
1812 4486
1812 4487
1812 4488
1812 4489
1812 4490
1812 4491
1812 4492
1812 4493
1812 4494
1812 4495
1812 4496
1812 4497
1812 4498
1812 4499
1812 4500
1812 4501
1812 4502
1812 4503
1812 4504
1813 4462
1813 4463
1813 4464
1813 4465
1813 4466
1813 4467
1813 4468
1813 4469
1813 4470
1813 4471
1813 4472
1813 4473
1813 4474
1813 4475
1813 4476
1813 4477
1813 4478
1813 4479
1813 4480
1813 4481
1813 4482
1813 4483
1813 4484
1813 4485
1813 4486
1813 4487
1813 4488
1813 4489
1813 4490
1813 4491
1813 4492
1813 4493
1813 4494
1813 4495
1813 4496
1813 4497
1813 4498
1813 4499
1813 4500
1813 4501
1813 4502
1813 4503
1813 4504
1814 4460
1814 4461
1814 4462
1814 4463
1814 4464
1814 4465
1814 4466
1814 4467
1814 4468
1814 4469
1814 4470
1814 4471
1814 4472
1814 4473
1814 4474
1814 4475
1814 4476
1814 4477
1814 4478
1814 4479
1814 4480
1814 4481
1814 4482
1814 4483
1814 4484
1814 4485
1814 4486
1814 4487
1814 4488
1814 4489
1814 4490
1814 4491
1814 4492
1814 4493
1814 4494
1814 4495
1814 4496
1814 4497
1814 4498
1814 4499
1814 4500
1814 4501
1814 4502
1814 4503
1814 4504
1815 4458
1815 4459
1815 4460
1815 4461
1815 4462
1815 4463
1815 4464
1815 4465
1815 4466
1815 4467
1815 4468
1815 4469
1815 4470
1815 4471
1815 4472
1815 4473
1815 4474
1815 4475
1815 4476
1815 4477
1815 4478
1815 4479
1815 4480
1815 4481
1815 4482
1815 4483
1815 4484
1815 4485
1815 4486
1815 4487
1815 4488
1815 4489
1815 4490
1815 4491
1815 4492
1815 4493
1815 4494
1815 4495
1815 4496
1815 4497
1815 4498
1815 4499
1815 4500
1815 4501
1815 4502
1815 4503
1815 4504
1816 4456
1816 4457
1816 4458
1816 4459
1816 4460
1816 4461
1816 4462
1816 4463
1816 4464
1816 4465
1816 4466
1816 4467
1816 4468
1816 4469
1816 4470
1816 4471
1816 4472
1816 4473
1816 4474
1816 4475
1816 4476
1816 4477
1816 4478
1816 4479
1816 4480
1816 4481
1816 4482
1816 4483
1816 4484
1816 4485
1816 4486
1816 4487
1816 4488
1816 4489
1816 4490
1816 4491
1816 4492
1816 4493
1816 4494
1816 4495
1816 4496
1816 4497
1816 4498
1816 4499
1816 4500
1816 4501
1816 4502
1816 4503
1816 4504
1817 4454
1817 4455
1817 4456
1817 4457
1817 4458
1817 4459
1817 4460
1817 4461
1817 4462
1817 4463
1817 4464
1817 4465
1817 4466
1817 4467
1817 4468
1817 4469
1817 4470
1817 4471
1817 4472
1817 4473
1817 4474
1817 4475
1817 4476
1817 4477
1817 4478
1817 4479
1817 4480
1817 4481
1817 4482
1817 4483
1817 4484
1817 4485
1817 4486
1817 4487
1817 4488
1817 4489
1817 4490
1817 4491
1817 4492
1817 4493
1817 4494
1817 4495
1817 4496
1817 4497
1817 4498
1817 4499
1817 4500
1817 4501
1817 4502
1817 4503
1817 4504
1818 4452
1818 4453
1818 4454
1818 4455
1818 4456
1818 4457
1818 4458
1818 4459
1818 4460
1818 4461
1818 4462
1818 4463
1818 4464
1818 4465
1818 4466
1818 4467
1818 4468
1818 4469
1818 4470
1818 4471
1818 4472
1818 4473
1818 4474
1818 4475
1818 4476
1818 4477
1818 4478
1818 4479
1818 4480
1818 4481
1818 4482
1818 4483
1818 4484
1818 4485
1818 4486
1818 4487
1818 4488
1818 4489
1818 4490
1818 4491
1818 4492
1818 4493
1818 4494
1818 4495
1818 4496
1818 4497
1818 4498
1818 4499
1818 4500
1818 4501
1818 4502
1818 4503
1818 4504
1819 4450
1819 4451
1819 4452
1819 4453
1819 4454
1819 4455
1819 4456
1819 4457
1819 4458
1819 4459
1819 4460
1819 4461
1819 4462
1819 4463
1819 4464
1819 4465
1819 4466
1819 4467
1819 4468
1819 4469
1819 4470
1819 4471
1819 4472
1819 4473
1819 4474
1819 4475
1819 4476
1819 4477
1819 4478
1819 4479
1819 4480
1819 4481
1819 4482
1819 4483
1819 4484
1819 4485
1819 4486
1819 4487
1819 4488
1819 4489
1819 4490
1819 4491
1819 4492
1819 4493
1819 4494
1819 4495
1819 4496
1819 4497
1819 4498
1819 4499
1819 4500
1819 4501
1819 4502
1819 4503
1819 4504
1820 4448
1820 4449
1820 4450
1820 4451
1820 4452
1820 4453
1820 4454
1820 4455
1820 4456
1820 4457
1820 4458
1820 4459
1820 4460
1820 4461
1820 4462
1820 4463
1820 4464
1820 4465
1820 4466
1820 4467
1820 4468
1820 4469
1820 4470
1820 4471
1820 4472
1820 4473
1820 4474
1820 4475
1820 4476
1820 4477
1820 4478
1820 4479
1820 4480
1820 4481
1820 4482
1820 4483
1820 4484
1820 4485
1820 4486
1820 4487
1820 4488
1820 4489
1820 4490
1820 4491
1820 4492
1820 4493
1820 4494
1820 4495
1820 4496
1820 4497
1820 4498
1820 4499
1820 4500
1820 4501
1820 4502
1820 4503
1820 4504
1821 4448
1821 4449
1821 4450
1821 4451
1821 4452
1821 4453
1821 4454
1821 4455
1821 4456
1821 4457
1821 4458
1821 4459
1821 4460
1821 4461
1821 4462
1821 4463
1821 4464
1821 4465
1821 4466
1821 4467
1821 4468
1821 4469
1821 4470
1821 4471
1821 4472
1821 4473
1821 4474
1821 4475
1821 4476
1821 4477
1821 4478
1821 4479
1821 4480
1821 4481
1821 4482
1821 4483
1821 4484
1821 4485
1821 4486
1821 4487
1821 4488
1821 4489
1821 4490
1821 4491
1821 4492
1821 4493
1821 4494
1821 4495
1821 4496
1821 4497
1821 4498
1821 4499
1821 4500
1821 4501
1821 4502
1822 4448
1822 4449
1822 4450
1822 4451
1822 4452
1822 4453
1822 4454
1822 4455
1822 4456
1822 4457
1822 4458
1822 4459
1822 4460
1822 4461
1822 4462
1822 4463
1822 4464
1822 4465
1822 4466
1822 4467
1822 4468
1822 4469
1822 4470
1822 4471
1822 4472
1822 4473
1822 4474
1822 4475
1822 4476
1822 4477
1822 4478
1822 4479
1822 4480
1822 4481
1822 4482
1822 4483
1822 4484
1822 4485
1822 4486
1822 4487
1822 4488
1822 4489
1822 4490
1822 4491
1822 4492
1822 4493
1822 4494
1822 4495
1822 4496
1822 4497
1822 4498
1822 4499
1822 4500
1823 4448
1823 4449
1823 4450
1823 4451
1823 4452
1823 4453
1823 4454
1823 4455
1823 4456
1823 4457
1823 4458
1823 4459
1823 4460
1823 4461
1823 4462
1823 4463
1823 4464
1823 4465
1823 4466
1823 4467
1823 4468
1823 4469
1823 4470
1823 4471
1823 4472
1823 4473
1823 4474
1823 4475
1823 4476
1823 4477
1823 4478
1823 4479
1823 4480
1823 4481
1823 4482
1823 4483
1823 4484
1823 4485
1823 4486
1823 4487
1823 4488
1823 4489
1823 4490
1823 4491
1823 4492
1823 4493
1823 4494
1823 4495
1823 4496
1823 4497
1823 4498
1824 4448
1824 4449
1824 4450
1824 4451
1824 4452
1824 4453
1824 4454
1824 4455
1824 4456
1824 4457
1824 4458
1824 4459
1824 4460
1824 4461
1824 4462
1824 4463
1824 4464
1824 4465
1824 4466
1824 4467
1824 4468
1824 4469
1824 4470
1824 4471
1824 4472
1824 4473
1824 4474
1824 4475
1824 4476
1824 4477
1824 4478
1824 4479
1824 4480
1824 4481
1824 4482
1824 4483
1824 4484
1824 4485
1824 4486
1824 4487
1824 4488
1824 4489
1824 4490
1824 4491
1824 4492
1824 4493
1824 4494
1824 4495
1824 4496
1825 4448
1825 4449
1825 4450
1825 4451
1825 4452
1825 4453
1825 4454
1825 4455
1825 4456
1825 4457
1825 4458
1825 4459
1825 4460
1825 4461
1825 4462
1825 4463
1825 4464
1825 4465
1825 4466
1825 4467
1825 4468
1825 4469
1825 4470
1825 4471
1825 4472
1825 4473
1825 4474
1825 4475
1825 4476
1825 4477
1825 4478
1825 4479
1825 4480
1825 4481
1825 4482
1825 4483
1825 4484
1825 4485
1825 4486
1825 4487
1825 4488
1825 4489
1825 4490
1825 4491
1825 4492
1825 4493
1825 4494
1826 4448
1826 4449
1826 4450
1826 4451
1826 4452
1826 4453
1826 4454
1826 4455
1826 4456
1826 4457
1826 4458
1826 4459
1826 4460
1826 4461
1826 4462
1826 4463
1826 4464
1826 4465
1826 4466
1826 4467
1826 4468
1826 4469
1826 4470
1826 4471
1826 4472
1826 4473
1826 4474
1826 4475
1826 4476
1826 4477
1826 4478
1826 4479
1826 4480
1826 4481
1826 4482
1826 4483
1826 4484
1826 4485
1826 4486
1826 4487
1826 4488
1826 4489
1826 4490
1826 4491
1826 4492
1827 4448
1827 4449
1827 4450
1827 4451
1827 4452
1827 4453
1827 4454
1827 4455
1827 4456
1827 4457
1827 4458
1827 4459
1827 4460
1827 4461
1827 4462
1827 4463
1827 4464
1827 4465
1827 4466
1827 4467
1827 4468
1827 4469
1827 4470
1827 4471
1827 4472
1827 4473
1827 4474
1827 4475
1827 4476
1827 4477
1827 4478
1827 4479
1827 4480
1827 4481
1827 4482
1827 4483
1827 4484
1827 4485
1827 4486
1827 4487
1827 4488
1827 4489
1827 4490
1828 4448
1828 4449
1828 4450
1828 4451
1828 4452
1828 4453
1828 4454
1828 4455
1828 4456
1828 4457
1828 4458
1828 4459
1828 4460
1828 4461
1828 4462
1828 4463
1828 4464
1828 4465
1828 4466
1828 4467
1828 4468
1828 4469
1828 4470
1828 4471
1828 4472
1828 4473
1828 4474
1828 4475
1828 4476
1828 4477
1828 4478
1828 4479
1828 4480
1828 4481
1828 4482
1828 4483
1828 4484
1828 4485
1828 4486
1828 4487
1828 4488
1829 4448
1829 4449
1829 4450
1829 4451
1829 4452
1829 4453
1829 4454
1829 4455
1829 4456
1829 4457
1829 4458
1829 4459
1829 4460
1829 4461
1829 4462
1829 4463
1829 4464
1829 4465
1829 4466
1829 4467
1829 4468
1829 4469
1829 4470
1829 4471
1829 4472
1829 4473
1829 4474
1829 4475
1829 4476
1829 4477
1829 4478
1829 4479
1829 4480
1829 4481
1829 4482
1829 4483
1829 4484
1829 4485
1829 4486
1830 4448
1830 4449
1830 4450
1830 4451
1830 4452
1830 4453
1830 4454
1830 4455
1830 4456
1830 4457
1830 4458
1830 4459
1830 4460
1830 4461
1830 4462
1830 4463
1830 4464
1830 4465
1830 4466
1830 4467
1830 4468
1830 4469
1830 4470
1830 4471
1830 4472
1830 4473
1830 4474
1830 4475
1830 4476
1830 4477
1830 4478
1830 4479
1830 4480
1830 4481
1830 4482
1830 4483
1830 4484
1831 4448
1831 4449
1831 4450
1831 4451
1831 4452
1831 4453
1831 4454
1831 4455
1831 4456
1831 4457
1831 4458
1831 4459
1831 4460
1831 4461
1831 4462
1831 4463
1831 4464
1831 4465
1831 4466
1831 4467
1831 4468
1831 4469
1831 4470
1831 4471
1831 4472
1831 4473
1831 4474
1831 4475
1831 4476
1831 4477
1831 4478
1831 4479
1831 4480
1831 4481
1831 4482
1832 4448
1832 4449
1832 4450
1832 4451
1832 4452
1832 4453
1832 4454
1832 4455
1832 4456
1832 4457
1832 4458
1832 4459
1832 4460
1832 4461
1832 4462
1832 4463
1832 4464
1832 4465
1832 4466
1832 4467
1832 4468
1832 4469
1832 4470
1832 4471
1832 4472
1832 4473
1832 4474
1832 4475
1832 4476
1832 4477
1832 4478
1832 4479
1832 4480
1833 4448
1833 4449
1833 4450
1833 4451
1833 4452
1833 4453
1833 4454
1833 4455
1833 4456
1833 4457
1833 4458
1833 4459
1833 4460
1833 4461
1833 4462
1833 4463
1833 4464
1833 4465
1833 4466
1833 4467
1833 4468
1833 4469
1833 4470
1833 4471
1833 4472
1833 4473
1833 4474
1833 4475
1833 4476
1833 4477
1833 4478
1834 4448
1834 4449
1834 4450
1834 4451
1834 4452
1834 4453
1834 4454
1834 4455
1834 4456
1834 4457
1834 4458
1834 4459
1834 4460
1834 4461
1834 4462
1834 4463
1834 4464
1834 4465
1834 4466
1834 4467
1834 4468
1834 4469
1834 4470
1834 4471
1834 4472
1834 4473
1834 4474
1834 4475
1834 4476
1835 4448
1835 4449
1835 4450
1835 4451
1835 4452
1835 4453
1835 4454
1835 4455
1835 4456
1835 4457
1835 4458
1835 4459
1835 4460
1835 4461
1835 4462
1835 4463
1835 4464
1835 4465
1835 4466
1835 4467
1835 4468
1835 4469
1835 4470
1835 4471
1835 4472
1835 4473
1835 4474
1836 4448
1836 4449
1836 4450
1836 4451
1836 4452
1836 4453
1836 4454
1836 4455
1836 4456
1836 4457
1836 4458
1836 4459
1836 4460
1836 4461
1836 4462
1836 4463
1836 4464
1836 4465
1836 4466
1836 4467
1836 4468
1836 4469
1836 4470
1836 4471
1836 4472
1837 4448
1837 4449
1837 4450
1837 4451
1837 4452
1837 4453
1837 4454
1837 4455
1837 4456
1837 4457
1837 4458
1837 4459
1837 4460
1837 4461
1837 4462
1837 4463
1837 4464
1837 4465
1837 4466
1837 4467
1837 4468
1837 4469
1837 4470
1838 4448
1838 4449
1838 4450
1838 4451
1838 4452
1838 4453
1838 4454
1838 4455
1838 4456
1838 4457
1838 4458
1838 4459
1838 4460
1838 4461
1838 4462
1838 4463
1838 4464
1838 4465
1838 4466
1838 4467
1838 4468
1839 4448
1839 4449
1839 4450
1839 4451
1839 4452
1839 4453
1839 4454
1839 4455
1839 4456
1839 4457
1839 4458
1839 4459
1839 4460
1839 4461
1839 4462
1839 4463
1839 4464
1839 4465
1839 4466
1840 4448
1840 4449
1840 4450
1840 4451
1840 4452
1840 4453
1840 4454
1840 4455
1840 4456
1840 4457
1840 4458
1840 4459
1840 4460
1840 4461
1840 4462
1840 4463
1840 4464
1841 4448
1841 4449
1841 4450
1841 4451
1841 4452
1841 4453
1841 4454
1841 4455
1841 4456
1841 4457
1841 4458
1841 4459
1841 4460
1841 4461
1841 4462
1842 4448
1842 4449
1842 4450
1842 4451
1842 4452
1842 4453
1842 4454
1842 4455
1842 4456
1842 4457
1842 4458
1842 4459
1842 4460
1843 4448
1843 4449
1843 4450
1843 4451
1843 4452
1843 4453
1843 4454
1843 4455
1843 4456
1843 4457
1843 4458
1844 4448
1844 4449
1844 4450
1844 4451
1844 4452
1844 4453
1844 4454
1844 4455
1844 4456
1845 4448
1845 4449
1845 4450
1845 4451
1845 4452
1845 4453
1845 4454
1846 4448
1846 4449
1846 4450
1846 4451
1846 4452
1847 4448
1847 4449
1847 4450
1848 4448
6897 4502
6898 4500
6898 4501
6898 4502
6899 4498
6899 4499
6899 4500
6899 4501
6899 4502
6900 4496
6900 4497
6900 4498
6900 4499
6900 4500
6900 4501
6900 4502
6901 4494
6901 4495
6901 4496
6901 4497
6901 4498
6901 4499
6901 4500
6901 4501
6901 4502
6902 4492
6902 4493
6902 4494
6902 4495
6902 4496
6902 4497
6902 4498
6902 4499
6902 4500
6902 4501
6902 4502
6903 4490
6903 4491
6903 4492
6903 4493
6903 4494
6903 4495
6903 4496
6903 4497
6903 4498
6903 4499
6903 4500
6903 4501
6903 4502
6904 4488
6904 4489
6904 4490
6904 4491
6904 4492
6904 4493
6904 4494
6904 4495
6904 4496
6904 4497
6904 4498
6904 4499
6904 4500
6904 4501
6904 4502
6905 4486
6905 4487
6905 4488
6905 4489
6905 4490
6905 4491
6905 4492
6905 4493
6905 4494
6905 4495
6905 4496
6905 4497
6905 4498
6905 4499
6905 4500
6905 4501
6905 4502
6906 4484
6906 4485
6906 4486
6906 4487
6906 4488
6906 4489
6906 4490
6906 4491
6906 4492
6906 4493
6906 4494
6906 4495
6906 4496
6906 4497
6906 4498
6906 4499
6906 4500
6906 4501
6906 4502
6907 4482
6907 4483
6907 4484
6907 4485
6907 4486
6907 4487
6907 4488
6907 4489
6907 4490
6907 4491
6907 4492
6907 4493
6907 4494
6907 4495
6907 4496
6907 4497
6907 4498
6907 4499
6907 4500
6907 4501
6907 4502
6908 4480
6908 4481
6908 4482
6908 4483
6908 4484
6908 4485
6908 4486
6908 4487
6908 4488
6908 4489
6908 4490
6908 4491
6908 4492
6908 4493
6908 4494
6908 4495
6908 4496
6908 4497
6908 4498
6908 4499
6908 4500
6908 4501
6908 4502
6909 4478
6909 4479
6909 4480
6909 4481
6909 4482
6909 4483
6909 4484
6909 4485
6909 4486
6909 4487
6909 4488
6909 4489
6909 4490
6909 4491
6909 4492
6909 4493
6909 4494
6909 4495
6909 4496
6909 4497
6909 4498
6909 4499
6909 4500
6909 4501
6909 4502
6910 4476
6910 4477
6910 4478
6910 4479
6910 4480
6910 4481
6910 4482
6910 4483
6910 4484
6910 4485
6910 4486
6910 4487
6910 4488
6910 4489
6910 4490
6910 4491
6910 4492
6910 4493
6910 4494
6910 4495
6910 4496
6910 4497
6910 4498
6910 4499
6910 4500
6910 4501
6910 4502
6911 4474
6911 4475
6911 4476
6911 4477
6911 4478
6911 4479
6911 4480
6911 4481
6911 4482
6911 4483
6911 4484
6911 4485
6911 4486
6911 4487
6911 4488
6911 4489
6911 4490
6911 4491
6911 4492
6911 4493
6911 4494
6911 4495
6911 4496
6911 4497
6911 4498
6911 4499
6911 4500
6911 4501
6911 4502
6912 4472
6912 4473
6912 4474
6912 4475
6912 4476
6912 4477
6912 4478
6912 4479
6912 4480
6912 4481
6912 4482
6912 4483
6912 4484
6912 4485
6912 4486
6912 4487
6912 4488
6912 4489
6912 4490
6912 4491
6912 4492
6912 4493
6912 4494
6912 4495
6912 4496
6912 4497
6912 4498
6912 4499
6912 4500
6912 4501
6912 4502
6913 4470
6913 4471
6913 4472
6913 4473
6913 4474
6913 4475
6913 4476
6913 4477
6913 4478
6913 4479
6913 4480
6913 4481
6913 4482
6913 4483
6913 4484
6913 4485
6913 4486
6913 4487
6913 4488
6913 4489
6913 4490
6913 4491
6913 4492
6913 4493
6913 4494
6913 4495
6913 4496
6913 4497
6913 4498
6913 4499
6913 4500
6913 4501
6913 4502
6914 4468
6914 4469
6914 4470
6914 4471
6914 4472
6914 4473
6914 4474
6914 4475
6914 4476
6914 4477
6914 4478
6914 4479
6914 4480
6914 4481
6914 4482
6914 4483
6914 4484
6914 4485
6914 4486
6914 4487
6914 4488
6914 4489
6914 4490
6914 4491
6914 4492
6914 4493
6914 4494
6914 4495
6914 4496
6914 4497
6914 4498
6914 4499
6914 4500
6914 4501
6914 4502
6915 4466
6915 4467
6915 4468
6915 4469
6915 4470
6915 4471
6915 4472
6915 4473
6915 4474
6915 4475
6915 4476
6915 4477
6915 4478
6915 4479
6915 4480
6915 4481
6915 4482
6915 4483
6915 4484
6915 4485
6915 4486
6915 4487
6915 4488
6915 4489
6915 4490
6915 4491
6915 4492
6915 4493
6915 4494
6915 4495
6915 4496
6915 4497
6915 4498
6915 4499
6915 4500
6915 4501
6915 4502
6916 4464
6916 4465
6916 4466
6916 4467
6916 4468
6916 4469
6916 4470
6916 4471
6916 4472
6916 4473
6916 4474
6916 4475
6916 4476
6916 4477
6916 4478
6916 4479
6916 4480
6916 4481
6916 4482
6916 4483
6916 4484
6916 4485
6916 4486
6916 4487
6916 4488
6916 4489
6916 4490
6916 4491
6916 4492
6916 4493
6916 4494
6916 4495
6916 4496
6916 4497
6916 4498
6916 4499
6916 4500
6916 4501
6916 4502
6917 4462
6917 4463
6917 4464
6917 4465
6917 4466
6917 4467
6917 4468
6917 4469
6917 4470
6917 4471
6917 4472
6917 4473
6917 4474
6917 4475
6917 4476
6917 4477
6917 4478
6917 4479
6917 4480
6917 4481
6917 4482
6917 4483
6917 4484
6917 4485
6917 4486
6917 4487
6917 4488
6917 4489
6917 4490
6917 4491
6917 4492
6917 4493
6917 4494
6917 4495
6917 4496
6917 4497
6917 4498
6917 4499
6917 4500
6917 4501
6917 4502
6918 4460
6918 4461
6918 4462
6918 4463
6918 4464
6918 4465
6918 4466
6918 4467
6918 4468
6918 4469
6918 4470
6918 4471
6918 4472
6918 4473
6918 4474
6918 4475
6918 4476
6918 4477
6918 4478
6918 4479
6918 4480
6918 4481
6918 4482
6918 4483
6918 4484
6918 4485
6918 4486
6918 4487
6918 4488
6918 4489
6918 4490
6918 4491
6918 4492
6918 4493
6918 4494
6918 4495
6918 4496
6918 4497
6918 4498
6918 4499
6918 4500
6918 4501
6918 4502
6919 4458
6919 4459
6919 4460
6919 4461
6919 4462
6919 4463
6919 4464
6919 4465
6919 4466
6919 4467
6919 4468
6919 4469
6919 4470
6919 4471
6919 4472
6919 4473
6919 4474
6919 4475
6919 4476
6919 4477
6919 4478
6919 4479
6919 4480
6919 4481
6919 4482
6919 4483
6919 4484
6919 4485
6919 4486
6919 4487
6919 4488
6919 4489
6919 4490
6919 4491
6919 4492
6919 4493
6919 4494
6919 4495
6919 4496
6919 4497
6919 4498
6919 4499
6919 4500
6919 4501
6919 4502
6920 4456
6920 4457
6920 4458
6920 4459
6920 4460
6920 4461
6920 4462
6920 4463
6920 4464
6920 4465
6920 4466
6920 4467
6920 4468
6920 4469
6920 4470
6920 4471
6920 4472
6920 4473
6920 4474
6920 4475
6920 4476
6920 4477
6920 4478
6920 4479
6920 4480
6920 4481
6920 4482
6920 4483
6920 4484
6920 4485
6920 4486
6920 4487
6920 4488
6920 4489
6920 4490
6920 4491
6920 4492
6920 4493
6920 4494
6920 4495
6920 4496
6920 4497
6920 4498
6920 4499
6920 4500
6920 4501
6920 4502
6921 4454
6921 4455
6921 4456
6921 4457
6921 4458
6921 4459
6921 4460
6921 4461
6921 4462
6921 4463
6921 4464
6921 4465
6921 4466
6921 4467
6921 4468
6921 4469
6921 4470
6921 4471
6921 4472
6921 4473
6921 4474
6921 4475
6921 4476
6921 4477
6921 4478
6921 4479
6921 4480
6921 4481
6921 4482
6921 4483
6921 4484
6921 4485
6921 4486
6921 4487
6921 4488
6921 4489
6921 4490
6921 4491
6921 4492
6921 4493
6921 4494
6921 4495
6921 4496
6921 4497
6921 4498
6921 4499
6921 4500
6921 4501
6921 4502
6922 4452
6922 4453
6922 4454
6922 4455
6922 4456
6922 4457
6922 4458
6922 4459
6922 4460
6922 4461
6922 4462
6922 4463
6922 4464
6922 4465
6922 4466
6922 4467
6922 4468
6922 4469
6922 4470
6922 4471
6922 4472
6922 4473
6922 4474
6922 4475
6922 4476
6922 4477
6922 4478
6922 4479
6922 4480
6922 4481
6922 4482
6922 4483
6922 4484
6922 4485
6922 4486
6922 4487
6922 4488
6922 4489
6922 4490
6922 4491
6922 4492
6922 4493
6922 4494
6922 4495
6922 4496
6922 4497
6922 4498
6922 4499
6922 4500
6922 4501
6922 4502
6923 4452
6923 4453
6923 4454
6923 4455
6923 4456
6923 4457
6923 4458
6923 4459
6923 4460
6923 4461
6923 4462
6923 4463
6923 4464
6923 4465
6923 4466
6923 4467
6923 4468
6923 4469
6923 4470
6923 4471
6923 4472
6923 4473
6923 4474
6923 4475
6923 4476
6923 4477
6923 4478
6923 4479
6923 4480
6923 4481
6923 4482
6923 4483
6923 4484
6923 4485
6923 4486
6923 4487
6923 4488
6923 4489
6923 4490
6923 4491
6923 4492
6923 4493
6923 4494
6923 4495
6923 4496
6923 4497
6923 4498
6923 4499
6923 4500
6924 4452
6924 4453
6924 4454
6924 4455
6924 4456
6924 4457
6924 4458
6924 4459
6924 4460
6924 4461
6924 4462
6924 4463
6924 4464
6924 4465
6924 4466
6924 4467
6924 4468
6924 4469
6924 4470
6924 4471
6924 4472
6924 4473
6924 4474
6924 4475
6924 4476
6924 4477
6924 4478
6924 4479
6924 4480
6924 4481
6924 4482
6924 4483
6924 4484
6924 4485
6924 4486
6924 4487
6924 4488
6924 4489
6924 4490
6924 4491
6924 4492
6924 4493
6924 4494
6924 4495
6924 4496
6924 4497
6924 4498
6925 4452
6925 4453
6925 4454
6925 4455
6925 4456
6925 4457
6925 4458
6925 4459
6925 4460
6925 4461
6925 4462
6925 4463
6925 4464
6925 4465
6925 4466
6925 4467
6925 4468
6925 4469
6925 4470
6925 4471
6925 4472
6925 4473
6925 4474
6925 4475
6925 4476
6925 4477
6925 4478
6925 4479
6925 4480
6925 4481
6925 4482
6925 4483
6925 4484
6925 4485
6925 4486
6925 4487
6925 4488
6925 4489
6925 4490
6925 4491
6925 4492
6925 4493
6925 4494
6925 4495
6925 4496
6926 4452
6926 4453
6926 4454
6926 4455
6926 4456
6926 4457
6926 4458
6926 4459
6926 4460
6926 4461
6926 4462
6926 4463
6926 4464
6926 4465
6926 4466
6926 4467
6926 4468
6926 4469
6926 4470
6926 4471
6926 4472
6926 4473
6926 4474
6926 4475
6926 4476
6926 4477
6926 4478
6926 4479
6926 4480
6926 4481
6926 4482
6926 4483
6926 4484
6926 4485
6926 4486
6926 4487
6926 4488
6926 4489
6926 4490
6926 4491
6926 4492
6926 4493
6926 4494
6927 4452
6927 4453
6927 4454
6927 4455
6927 4456
6927 4457
6927 4458
6927 4459
6927 4460
6927 4461
6927 4462
6927 4463
6927 4464
6927 4465
6927 4466
6927 4467
6927 4468
6927 4469
6927 4470
6927 4471
6927 4472
6927 4473
6927 4474
6927 4475
6927 4476
6927 4477
6927 4478
6927 4479
6927 4480
6927 4481
6927 4482
6927 4483
6927 4484
6927 4485
6927 4486
6927 4487
6927 4488
6927 4489
6927 4490
6927 4491
6927 4492
6928 4452
6928 4453
6928 4454
6928 4455
6928 4456
6928 4457
6928 4458
6928 4459
6928 4460
6928 4461
6928 4462
6928 4463
6928 4464
6928 4465
6928 4466
6928 4467
6928 4468
6928 4469
6928 4470
6928 4471
6928 4472
6928 4473
6928 4474
6928 4475
6928 4476
6928 4477
6928 4478
6928 4479
6928 4480
6928 4481
6928 4482
6928 4483
6928 4484
6928 4485
6928 4486
6928 4487
6928 4488
6928 4489
6928 4490
6929 4452
6929 4453
6929 4454
6929 4455
6929 4456
6929 4457
6929 4458
6929 4459
6929 4460
6929 4461
6929 4462
6929 4463
6929 4464
6929 4465
6929 4466
6929 4467
6929 4468
6929 4469
6929 4470
6929 4471
6929 4472
6929 4473
6929 4474
6929 4475
6929 4476
6929 4477
6929 4478
6929 4479
6929 4480
6929 4481
6929 4482
6929 4483
6929 4484
6929 4485
6929 4486
6929 4487
6929 4488
6930 4452
6930 4453
6930 4454
6930 4455
6930 4456
6930 4457
6930 4458
6930 4459
6930 4460
6930 4461
6930 4462
6930 4463
6930 4464
6930 4465
6930 4466
6930 4467
6930 4468
6930 4469
6930 4470
6930 4471
6930 4472
6930 4473
6930 4474
6930 4475
6930 4476
6930 4477
6930 4478
6930 4479
6930 4480
6930 4481
6930 4482
6930 4483
6930 4484
6930 4485
6930 4486
6931 4452
6931 4453
6931 4454
6931 4455
6931 4456
6931 4457
6931 4458
6931 4459
6931 4460
6931 4461
6931 4462
6931 4463
6931 4464
6931 4465
6931 4466
6931 4467
6931 4468
6931 4469
6931 4470
6931 4471
6931 4472
6931 4473
6931 4474
6931 4475
6931 4476
6931 4477
6931 4478
6931 4479
6931 4480
6931 4481
6931 4482
6931 4483
6931 4484
6932 4452
6932 4453
6932 4454
6932 4455
6932 4456
6932 4457
6932 4458
6932 4459
6932 4460
6932 4461
6932 4462
6932 4463
6932 4464
6932 4465
6932 4466
6932 4467
6932 4468
6932 4469
6932 4470
6932 4471
6932 4472
6932 4473
6932 4474
6932 4475
6932 4476
6932 4477
6932 4478
6932 4479
6932 4480
6932 4481
6932 4482
6933 4452
6933 4453
6933 4454
6933 4455
6933 4456
6933 4457
6933 4458
6933 4459
6933 4460
6933 4461
6933 4462
6933 4463
6933 4464
6933 4465
6933 4466
6933 4467
6933 4468
6933 4469
6933 4470
6933 4471
6933 4472
6933 4473
6933 4474
6933 4475
6933 4476
6933 4477
6933 4478
6933 4479
6933 4480
6934 4452
6934 4453
6934 4454
6934 4455
6934 4456
6934 4457
6934 4458
6934 4459
6934 4460
6934 4461
6934 4462
6934 4463
6934 4464
6934 4465
6934 4466
6934 4467
6934 4468
6934 4469
6934 4470
6934 4471
6934 4472
6934 4473
6934 4474
6934 4475
6934 4476
6934 4477
6934 4478
6935 4452
6935 4453
6935 4454
6935 4455
6935 4456
6935 4457
6935 4458
6935 4459
6935 4460
6935 4461
6935 4462
6935 4463
6935 4464
6935 4465
6935 4466
6935 4467
6935 4468
6935 4469
6935 4470
6935 4471
6935 4472
6935 4473
6935 4474
6935 4475
6935 4476
6936 4452
6936 4453
6936 4454
6936 4455
6936 4456
6936 4457
6936 4458
6936 4459
6936 4460
6936 4461
6936 4462
6936 4463
6936 4464
6936 4465
6936 4466
6936 4467
6936 4468
6936 4469
6936 4470
6936 4471
6936 4472
6936 4473
6936 4474
6937 4452
6937 4453
6937 4454
6937 4455
6937 4456
6937 4457
6937 4458
6937 4459
6937 4460
6937 4461
6937 4462
6937 4463
6937 4464
6937 4465
6937 4466
6937 4467
6937 4468
6937 4469
6937 4470
6937 4471
6937 4472
6938 4452
6938 4453
6938 4454
6938 4455
6938 4456
6938 4457
6938 4458
6938 4459
6938 4460
6938 4461
6938 4462
6938 4463
6938 4464
6938 4465
6938 4466
6938 4467
6938 4468
6938 4469
6938 4470
6939 4452
6939 4453
6939 4454
6939 4455
6939 4456
6939 4457
6939 4458
6939 4459
6939 4460
6939 4461
6939 4462
6939 4463
6939 4464
6939 4465
6939 4466
6939 4467
6939 4468
6940 4452
6940 4453
6940 4454
6940 4455
6940 4456
6940 4457
6940 4458
6940 4459
6940 4460
6940 4461
6940 4462
6940 4463
6940 4464
6940 4465
6940 4466
6941 4452
6941 4453
6941 4454
6941 4455
6941 4456
6941 4457
6941 4458
6941 4459
6941 4460
6941 4461
6941 4462
6941 4463
6941 4464
6942 4452
6942 4453
6942 4454
6942 4455
6942 4456
6942 4457
6942 4458
6942 4459
6942 4460
6942 4461
6942 4462
6943 4452
6943 4453
6943 4454
6943 4455
6943 4456
6943 4457
6943 4458
6943 4459
6943 4460
6944 4452
6944 4453
6944 4454
6944 4455
6944 4456
6944 4457
6944 4458
6945 4452
6945 4453
6945 4454
6945 4455
6945 4456
6946 4452
6946 4453
6946 4454
6947 4452
14569 4500
14570 4498
14570 4499
14570 4500
14571 4496
14571 4497
14571 4498
14571 4499
14571 4500
14572 4494
14572 4495
14572 4496
14572 4497
14572 4498
14572 4499
14572 4500
14573 4492
14573 4493
14573 4494
14573 4495
14573 4496
14573 4497
14573 4498
14573 4499
14573 4500
14574 4490
14574 4491
14574 4492
14574 4493
14574 4494
14574 4495
14574 4496
14574 4497
14574 4498
14574 4499
14574 4500
14575 4488
14575 4489
14575 4490
14575 4491
14575 4492
14575 4493
14575 4494
14575 4495
14575 4496
14575 4497
14575 4498
14575 4499
14575 4500
14576 4486
14576 4487
14576 4488
14576 4489
14576 4490
14576 4491
14576 4492
14576 4493
14576 4494
14576 4495
14576 4496
14576 4497
14576 4498
14576 4499
14576 4500
14577 4484
14577 4485
14577 4486
14577 4487
14577 4488
14577 4489
14577 4490
14577 4491
14577 4492
14577 4493
14577 4494
14577 4495
14577 4496
14577 4497
14577 4498
14577 4499
14577 4500
14578 4482
14578 4483
14578 4484
14578 4485
14578 4486
14578 4487
14578 4488
14578 4489
14578 4490
14578 4491
14578 4492
14578 4493
14578 4494
14578 4495
14578 4496
14578 4497
14578 4498
14578 4499
14578 4500
14579 4480
14579 4481
14579 4482
14579 4483
14579 4484
14579 4485
14579 4486
14579 4487
14579 4488
14579 4489
14579 4490
14579 4491
14579 4492
14579 4493
14579 4494
14579 4495
14579 4496
14579 4497
14579 4498
14579 4499
14579 4500
14580 4478
14580 4479
14580 4480
14580 4481
14580 4482
14580 4483
14580 4484
14580 4485
14580 4486
14580 4487
14580 4488
14580 4489
14580 4490
14580 4491
14580 4492
14580 4493
14580 4494
14580 4495
14580 4496
14580 4497
14580 4498
14580 4499
14580 4500
14581 4476
14581 4477
14581 4478
14581 4479
14581 4480
14581 4481
14581 4482
14581 4483
14581 4484
14581 4485
14581 4486
14581 4487
14581 4488
14581 4489
14581 4490
14581 4491
14581 4492
14581 4493
14581 4494
14581 4495
14581 4496
14581 4497
14581 4498
14581 4499
14581 4500
14582 4474
14582 4475
14582 4476
14582 4477
14582 4478
14582 4479
14582 4480
14582 4481
14582 4482
14582 4483
14582 4484
14582 4485
14582 4486
14582 4487
14582 4488
14582 4489
14582 4490
14582 4491
14582 4492
14582 4493
14582 4494
14582 4495
14582 4496
14582 4497
14582 4498
14582 4499
14582 4500
14583 4472
14583 4473
14583 4474
14583 4475
14583 4476
14583 4477
14583 4478
14583 4479
14583 4480
14583 4481
14583 4482
14583 4483
14583 4484
14583 4485
14583 4486
14583 4487
14583 4488
14583 4489
14583 4490
14583 4491
14583 4492
14583 4493
14583 4494
14583 4495
14583 4496
14583 4497
14583 4498
14583 4499
14583 4500
14584 4470
14584 4471
14584 4472
14584 4473
14584 4474
14584 4475
14584 4476
14584 4477
14584 4478
14584 4479
14584 4480
14584 4481
14584 4482
14584 4483
14584 4484
14584 4485
14584 4486
14584 4487
14584 4488
14584 4489
14584 4490
14584 4491
14584 4492
14584 4493
14584 4494
14584 4495
14584 4496
14584 4497
14584 4498
14584 4499
14584 4500
14585 4468
14585 4469
14585 4470
14585 4471
14585 4472
14585 4473
14585 4474
14585 4475
14585 4476
14585 4477
14585 4478
14585 4479
14585 4480
14585 4481
14585 4482
14585 4483
14585 4484
14585 4485
14585 4486
14585 4487
14585 4488
14585 4489
14585 4490
14585 4491
14585 4492
14585 4493
14585 4494
14585 4495
14585 4496
14585 4497
14585 4498
14585 4499
14585 4500
14586 4466
14586 4467
14586 4468
14586 4469
14586 4470
14586 4471
14586 4472
14586 4473
14586 4474
14586 4475
14586 4476
14586 4477
14586 4478
14586 4479
14586 4480
14586 4481
14586 4482
14586 4483
14586 4484
14586 4485
14586 4486
14586 4487
14586 4488
14586 4489
14586 4490
14586 4491
14586 4492
14586 4493
14586 4494
14586 4495
14586 4496
14586 4497
14586 4498
14586 4499
14586 4500
14587 4464
14587 4465
14587 4466
14587 4467
14587 4468
14587 4469
14587 4470
14587 4471
14587 4472
14587 4473
14587 4474
14587 4475
14587 4476
14587 4477
14587 4478
14587 4479
14587 4480
14587 4481
14587 4482
14587 4483
14587 4484
14587 4485
14587 4486
14587 4487
14587 4488
14587 4489
14587 4490
14587 4491
14587 4492
14587 4493
14587 4494
14587 4495
14587 4496
14587 4497
14587 4498
14587 4499
14587 4500
14588 4462
14588 4463
14588 4464
14588 4465
14588 4466
14588 4467
14588 4468
14588 4469
14588 4470
14588 4471
14588 4472
14588 4473
14588 4474
14588 4475
14588 4476
14588 4477
14588 4478
14588 4479
14588 4480
14588 4481
14588 4482
14588 4483
14588 4484
14588 4485
14588 4486
14588 4487
14588 4488
14588 4489
14588 4490
14588 4491
14588 4492
14588 4493
14588 4494
14588 4495
14588 4496
14588 4497
14588 4498
14588 4499
14588 4500
14589 4460
14589 4461
14589 4462
14589 4463
14589 4464
14589 4465
14589 4466
14589 4467
14589 4468
14589 4469
14589 4470
14589 4471
14589 4472
14589 4473
14589 4474
14589 4475
14589 4476
14589 4477
14589 4478
14589 4479
14589 4480
14589 4481
14589 4482
14589 4483
14589 4484
14589 4485
14589 4486
14589 4487
14589 4488
14589 4489
14589 4490
14589 4491
14589 4492
14589 4493
14589 4494
14589 4495
14589 4496
14589 4497
14589 4498
14589 4499
14589 4500
14590 4458
14590 4459
14590 4460
14590 4461
14590 4462
14590 4463
14590 4464
14590 4465
14590 4466
14590 4467
14590 4468
14590 4469
14590 4470
14590 4471
14590 4472
14590 4473
14590 4474
14590 4475
14590 4476
14590 4477
14590 4478
14590 4479
14590 4480
14590 4481
14590 4482
14590 4483
14590 4484
14590 4485
14590 4486
14590 4487
14590 4488
14590 4489
14590 4490
14590 4491
14590 4492
14590 4493
14590 4494
14590 4495
14590 4496
14590 4497
14590 4498
14590 4499
14590 4500
14591 4456
14591 4457
14591 4458
14591 4459
14591 4460
14591 4461
14591 4462
14591 4463
14591 4464
14591 4465
14591 4466
14591 4467
14591 4468
14591 4469
14591 4470
14591 4471
14591 4472
14591 4473
14591 4474
14591 4475
14591 4476
14591 4477
14591 4478
14591 4479
14591 4480
14591 4481
14591 4482
14591 4483
14591 4484
14591 4485
14591 4486
14591 4487
14591 4488
14591 4489
14591 4490
14591 4491
14591 4492
14591 4493
14591 4494
14591 4495
14591 4496
14591 4497
14591 4498
14591 4499
14591 4500
14592 4454
14592 4455
14592 4456
14592 4457
14592 4458
14592 4459
14592 4460
14592 4461
14592 4462
14592 4463
14592 4464
14592 4465
14592 4466
14592 4467
14592 4468
14592 4469
14592 4470
14592 4471
14592 4472
14592 4473
14592 4474
14592 4475
14592 4476
14592 4477
14592 4478
14592 4479
14592 4480
14592 4481
14592 4482
14592 4483
14592 4484
14592 4485
14592 4486
14592 4487
14592 4488
14592 4489
14592 4490
14592 4491
14592 4492
14592 4493
14592 4494
14592 4495
14592 4496
14592 4497
14592 4498
14592 4499
14592 4500
14593 4452
14593 4453
14593 4454
14593 4455
14593 4456
14593 4457
14593 4458
14593 4459
14593 4460
14593 4461
14593 4462
14593 4463
14593 4464
14593 4465
14593 4466
14593 4467
14593 4468
14593 4469
14593 4470
14593 4471
14593 4472
14593 4473
14593 4474
14593 4475
14593 4476
14593 4477
14593 4478
14593 4479
14593 4480
14593 4481
14593 4482
14593 4483
14593 4484
14593 4485
14593 4486
14593 4487
14593 4488
14593 4489
14593 4490
14593 4491
14593 4492
14593 4493
14593 4494
14593 4495
14593 4496
14593 4497
14593 4498
14593 4499
14593 4500
14594 4450
14594 4451
14594 4452
14594 4453
14594 4454
14594 4455
14594 4456
14594 4457
14594 4458
14594 4459
14594 4460
14594 4461
14594 4462
14594 4463
14594 4464
14594 4465
14594 4466
14594 4467
14594 4468
14594 4469
14594 4470
14594 4471
14594 4472
14594 4473
14594 4474
14594 4475
14594 4476
14594 4477
14594 4478
14594 4479
14594 4480
14594 4481
14594 4482
14594 4483
14594 4484
14594 4485
14594 4486
14594 4487
14594 4488
14594 4489
14594 4490
14594 4491
14594 4492
14594 4493
14594 4494
14594 4495
14594 4496
14594 4497
14594 4498
14594 4499
14594 4500
14595 4448
14595 4449
14595 4450
14595 4451
14595 4452
14595 4453
14595 4454
14595 4455
14595 4456
14595 4457
14595 4458
14595 4459
14595 4460
14595 4461
14595 4462
14595 4463
14595 4464
14595 4465
14595 4466
14595 4467
14595 4468
14595 4469
14595 4470
14595 4471
14595 4472
14595 4473
14595 4474
14595 4475
14595 4476
14595 4477
14595 4478
14595 4479
14595 4480
14595 4481
14595 4482
14595 4483
14595 4484
14595 4485
14595 4486
14595 4487
14595 4488
14595 4489
14595 4490
14595 4491
14595 4492
14595 4493
14595 4494
14595 4495
14595 4496
14595 4497
14595 4498
14595 4499
14595 4500
14596 4446
14596 4447
14596 4448
14596 4449
14596 4450
14596 4451
14596 4452
14596 4453
14596 4454
14596 4455
14596 4456
14596 4457
14596 4458
14596 4459
14596 4460
14596 4461
14596 4462
14596 4463
14596 4464
14596 4465
14596 4466
14596 4467
14596 4468
14596 4469
14596 4470
14596 4471
14596 4472
14596 4473
14596 4474
14596 4475
14596 4476
14596 4477
14596 4478
14596 4479
14596 4480
14596 4481
14596 4482
14596 4483
14596 4484
14596 4485
14596 4486
14596 4487
14596 4488
14596 4489
14596 4490
14596 4491
14596 4492
14596 4493
14596 4494
14596 4495
14596 4496
14596 4497
14596 4498
14596 4499
14596 4500
14597 4446
14597 4447
14597 4448
14597 4449
14597 4450
14597 4451
14597 4452
14597 4453
14597 4454
14597 4455
14597 4456
14597 4457
14597 4458
14597 4459
14597 4460
14597 4461
14597 4462
14597 4463
14597 4464
14597 4465
14597 4466
14597 4467
14597 4468
14597 4469
14597 4470
14597 4471
14597 4472
14597 4473
14597 4474
14597 4475
14597 4476
14597 4477
14597 4478
14597 4479
14597 4480
14597 4481
14597 4482
14597 4483
14597 4484
14597 4485
14597 4486
14597 4487
14597 4488
14597 4489
14597 4490
14597 4491
14597 4492
14597 4493
14597 4494
14597 4495
14597 4496
14597 4497
14597 4498
14598 4446
14598 4447
14598 4448
14598 4449
14598 4450
14598 4451
14598 4452
14598 4453
14598 4454
14598 4455
14598 4456
14598 4457
14598 4458
14598 4459
14598 4460
14598 4461
14598 4462
14598 4463
14598 4464
14598 4465
14598 4466
14598 4467
14598 4468
14598 4469
14598 4470
14598 4471
14598 4472
14598 4473
14598 4474
14598 4475
14598 4476
14598 4477
14598 4478
14598 4479
14598 4480
14598 4481
14598 4482
14598 4483
14598 4484
14598 4485
14598 4486
14598 4487
14598 4488
14598 4489
14598 4490
14598 4491
14598 4492
14598 4493
14598 4494
14598 4495
14598 4496
14599 4446
14599 4447
14599 4448
14599 4449
14599 4450
14599 4451
14599 4452
14599 4453
14599 4454
14599 4455
14599 4456
14599 4457
14599 4458
14599 4459
14599 4460
14599 4461
14599 4462
14599 4463
14599 4464
14599 4465
14599 4466
14599 4467
14599 4468
14599 4469
14599 4470
14599 4471
14599 4472
14599 4473
14599 4474
14599 4475
14599 4476
14599 4477
14599 4478
14599 4479
14599 4480
14599 4481
14599 4482
14599 4483
14599 4484
14599 4485
14599 4486
14599 4487
14599 4488
14599 4489
14599 4490
14599 4491
14599 4492
14599 4493
14599 4494
14600 4446
14600 4447
14600 4448
14600 4449
14600 4450
14600 4451
14600 4452
14600 4453
14600 4454
14600 4455
14600 4456
14600 4457
14600 4458
14600 4459
14600 4460
14600 4461
14600 4462
14600 4463
14600 4464
14600 4465
14600 4466
14600 4467
14600 4468
14600 4469
14600 4470
14600 4471
14600 4472
14600 4473
14600 4474
14600 4475
14600 4476
14600 4477
14600 4478
14600 4479
14600 4480
14600 4481
14600 4482
14600 4483
14600 4484
14600 4485
14600 4486
14600 4487
14600 4488
14600 4489
14600 4490
14600 4491
14600 4492
14601 4446
14601 4447
14601 4448
14601 4449
14601 4450
14601 4451
14601 4452
14601 4453
14601 4454
14601 4455
14601 4456
14601 4457
14601 4458
14601 4459
14601 4460
14601 4461
14601 4462
14601 4463
14601 4464
14601 4465
14601 4466
14601 4467
14601 4468
14601 4469
14601 4470
14601 4471
14601 4472
14601 4473
14601 4474
14601 4475
14601 4476
14601 4477
14601 4478
14601 4479
14601 4480
14601 4481
14601 4482
14601 4483
14601 4484
14601 4485
14601 4486
14601 4487
14601 4488
14601 4489
14601 4490
14602 4446
14602 4447
14602 4448
14602 4449
14602 4450
14602 4451
14602 4452
14602 4453
14602 4454
14602 4455
14602 4456
14602 4457
14602 4458
14602 4459
14602 4460
14602 4461
14602 4462
14602 4463
14602 4464
14602 4465
14602 4466
14602 4467
14602 4468
14602 4469
14602 4470
14602 4471
14602 4472
14602 4473
14602 4474
14602 4475
14602 4476
14602 4477
14602 4478
14602 4479
14602 4480
14602 4481
14602 4482
14602 4483
14602 4484
14602 4485
14602 4486
14602 4487
14602 4488
14603 4446
14603 4447
14603 4448
14603 4449
14603 4450
14603 4451
14603 4452
14603 4453
14603 4454
14603 4455
14603 4456
14603 4457
14603 4458
14603 4459
14603 4460
14603 4461
14603 4462
14603 4463
14603 4464
14603 4465
14603 4466
14603 4467
14603 4468
14603 4469
14603 4470
14603 4471
14603 4472
14603 4473
14603 4474
14603 4475
14603 4476
14603 4477
14603 4478
14603 4479
14603 4480
14603 4481
14603 4482
14603 4483
14603 4484
14603 4485
14603 4486
14604 4446
14604 4447
14604 4448
14604 4449
14604 4450
14604 4451
14604 4452
14604 4453
14604 4454
14604 4455
14604 4456
14604 4457
14604 4458
14604 4459
14604 4460
14604 4461
14604 4462
14604 4463
14604 4464
14604 4465
14604 4466
14604 4467
14604 4468
14604 4469
14604 4470
14604 4471
14604 4472
14604 4473
14604 4474
14604 4475
14604 4476
14604 4477
14604 4478
14604 4479
14604 4480
14604 4481
14604 4482
14604 4483
14604 4484
14605 4446
14605 4447
14605 4448
14605 4449
14605 4450
14605 4451
14605 4452
14605 4453
14605 4454
14605 4455
14605 4456
14605 4457
14605 4458
14605 4459
14605 4460
14605 4461
14605 4462
14605 4463
14605 4464
14605 4465
14605 4466
14605 4467
14605 4468
14605 4469
14605 4470
14605 4471
14605 4472
14605 4473
14605 4474
14605 4475
14605 4476
14605 4477
14605 4478
14605 4479
14605 4480
14605 4481
14605 4482
14606 4446
14606 4447
14606 4448
14606 4449
14606 4450
14606 4451
14606 4452
14606 4453
14606 4454
14606 4455
14606 4456
14606 4457
14606 4458
14606 4459
14606 4460
14606 4461
14606 4462
14606 4463
14606 4464
14606 4465
14606 4466
14606 4467
14606 4468
14606 4469
14606 4470
14606 4471
14606 4472
14606 4473
14606 4474
14606 4475
14606 4476
14606 4477
14606 4478
14606 4479
14606 4480
14607 4446
14607 4447
14607 4448
14607 4449
14607 4450
14607 4451
14607 4452
14607 4453
14607 4454
14607 4455
14607 4456
14607 4457
14607 4458
14607 4459
14607 4460
14607 4461
14607 4462
14607 4463
14607 4464
14607 4465
14607 4466
14607 4467
14607 4468
14607 4469
14607 4470
14607 4471
14607 4472
14607 4473
14607 4474
14607 4475
14607 4476
14607 4477
14607 4478
14608 4446
14608 4447
14608 4448
14608 4449
14608 4450
14608 4451
14608 4452
14608 4453
14608 4454
14608 4455
14608 4456
14608 4457
14608 4458
14608 4459
14608 4460
14608 4461
14608 4462
14608 4463
14608 4464
14608 4465
14608 4466
14608 4467
14608 4468
14608 4469
14608 4470
14608 4471
14608 4472
14608 4473
14608 4474
14608 4475
14608 4476
14609 4446
14609 4447
14609 4448
14609 4449
14609 4450
14609 4451
14609 4452
14609 4453
14609 4454
14609 4455
14609 4456
14609 4457
14609 4458
14609 4459
14609 4460
14609 4461
14609 4462
14609 4463
14609 4464
14609 4465
14609 4466
14609 4467
14609 4468
14609 4469
14609 4470
14609 4471
14609 4472
14609 4473
14609 4474
14610 4446
14610 4447
14610 4448
14610 4449
14610 4450
14610 4451
14610 4452
14610 4453
14610 4454
14610 4455
14610 4456
14610 4457
14610 4458
14610 4459
14610 4460
14610 4461
14610 4462
14610 4463
14610 4464
14610 4465
14610 4466
14610 4467
14610 4468
14610 4469
14610 4470
14610 4471
14610 4472
14611 4446
14611 4447
14611 4448
14611 4449
14611 4450
14611 4451
14611 4452
14611 4453
14611 4454
14611 4455
14611 4456
14611 4457
14611 4458
14611 4459
14611 4460
14611 4461
14611 4462
14611 4463
14611 4464
14611 4465
14611 4466
14611 4467
14611 4468
14611 4469
14611 4470
14612 4446
14612 4447
14612 4448
14612 4449
14612 4450
14612 4451
14612 4452
14612 4453
14612 4454
14612 4455
14612 4456
14612 4457
14612 4458
14612 4459
14612 4460
14612 4461
14612 4462
14612 4463
14612 4464
14612 4465
14612 4466
14612 4467
14612 4468
14613 4446
14613 4447
14613 4448
14613 4449
14613 4450
14613 4451
14613 4452
14613 4453
14613 4454
14613 4455
14613 4456
14613 4457
14613 4458
14613 4459
14613 4460
14613 4461
14613 4462
14613 4463
14613 4464
14613 4465
14613 4466
14614 4446
14614 4447
14614 4448
14614 4449
14614 4450
14614 4451
14614 4452
14614 4453
14614 4454
14614 4455
14614 4456
14614 4457
14614 4458
14614 4459
14614 4460
14614 4461
14614 4462
14614 4463
14614 4464
14615 4446
14615 4447
14615 4448
14615 4449
14615 4450
14615 4451
14615 4452
14615 4453
14615 4454
14615 4455
14615 4456
14615 4457
14615 4458
14615 4459
14615 4460
14615 4461
14615 4462
14616 4446
14616 4447
14616 4448
14616 4449
14616 4450
14616 4451
14616 4452
14616 4453
14616 4454
14616 4455
14616 4456
14616 4457
14616 4458
14616 4459
14616 4460
14617 4446
14617 4447
14617 4448
14617 4449
14617 4450
14617 4451
14617 4452
14617 4453
14617 4454
14617 4455
14617 4456
14617 4457
14617 4458
14618 4446
14618 4447
14618 4448
14618 4449
14618 4450
14618 4451
14618 4452
14618 4453
14618 4454
14618 4455
14618 4456
14619 4446
14619 4447
14619 4448
14619 4449
14619 4450
14619 4451
14619 4452
14619 4453
14619 4454
14620 4446
14620 4447
14620 4448
14620 4449
14620 4450
14620 4451
14620 4452
14621 4446
14621 4447
14621 4448
14621 4449
14621 4450
14622 4446
14622 4447
14622 4448
14623 4446
28599 4494
28600 4492
28600 4493
28600 4494
28601 4490
28601 4491
28601 4492
28601 4493
28601 4494
28602 4488
28602 4489
28602 4490
28602 4491
28602 4492
28602 4493
28602 4494
28603 4486
28603 4487
28603 4488
28603 4489
28603 4490
28603 4491
28603 4492
28603 4493
28603 4494
28604 4485
28604 4486
28604 4487
28604 4488
28604 4489
28604 4490
28604 4491
28604 4492
28604 4493
28605 4483
28605 4484
28605 4485
28605 4486
28605 4487
28605 4488
28605 4489
28605 4490
28605 4491
28605 4492
28605 4493
28606 4481
28606 4482
28606 4483
28606 4484
28606 4485
28606 4486
28606 4487
28606 4488
28606 4489
28606 4490
28606 4491
28606 4492
28606 4493
28607 4479
28607 4480
28607 4481
28607 4482
28607 4483
28607 4484
28607 4485
28607 4486
28607 4487
28607 4488
28607 4489
28607 4490
28607 4491
28607 4492
28607 4493
28608 4477
28608 4478
28608 4479
28608 4480
28608 4481
28608 4482
28608 4483
28608 4484
28608 4485
28608 4486
28608 4487
28608 4488
28608 4489
28608 4490
28608 4491
28608 4492
28608 4493
28609 4475
28609 4476
28609 4477
28609 4478
28609 4479
28609 4480
28609 4481
28609 4482
28609 4483
28609 4484
28609 4485
28609 4486
28609 4487
28609 4488
28609 4489
28609 4490
28609 4491
28609 4492
28609 4493
28610 4473
28610 4474
28610 4475
28610 4476
28610 4477
28610 4478
28610 4479
28610 4480
28610 4481
28610 4482
28610 4483
28610 4484
28610 4485
28610 4486
28610 4487
28610 4488
28610 4489
28610 4490
28610 4491
28610 4492
28610 4493
28611 4471
28611 4472
28611 4473
28611 4474
28611 4475
28611 4476
28611 4477
28611 4478
28611 4479
28611 4480
28611 4481
28611 4482
28611 4483
28611 4484
28611 4485
28611 4486
28611 4487
28611 4488
28611 4489
28611 4490
28611 4491
28611 4492
28611 4493
28612 4469
28612 4470
28612 4471
28612 4472
28612 4473
28612 4474
28612 4475
28612 4476
28612 4477
28612 4478
28612 4479
28612 4480
28612 4481
28612 4482
28612 4483
28612 4484
28612 4485
28612 4486
28612 4487
28612 4488
28612 4489
28612 4490
28612 4491
28612 4492
28612 4493
28613 4467
28613 4468
28613 4469
28613 4470
28613 4471
28613 4472
28613 4473
28613 4474
28613 4475
28613 4476
28613 4477
28613 4478
28613 4479
28613 4480
28613 4481
28613 4482
28613 4483
28613 4484
28613 4485
28613 4486
28613 4487
28613 4488
28613 4489
28613 4490
28613 4491
28613 4492
28613 4493
28614 4465
28614 4466
28614 4467
28614 4468
28614 4469
28614 4470
28614 4471
28614 4472
28614 4473
28614 4474
28614 4475
28614 4476
28614 4477
28614 4478
28614 4479
28614 4480
28614 4481
28614 4482
28614 4483
28614 4484
28614 4485
28614 4486
28614 4487
28614 4488
28614 4489
28614 4490
28614 4491
28614 4492
28614 4493
28615 4463
28615 4464
28615 4465
28615 4466
28615 4467
28615 4468
28615 4469
28615 4470
28615 4471
28615 4472
28615 4473
28615 4474
28615 4475
28615 4476
28615 4477
28615 4478
28615 4479
28615 4480
28615 4481
28615 4482
28615 4483
28615 4484
28615 4485
28615 4486
28615 4487
28615 4488
28615 4489
28615 4490
28615 4491
28615 4492
28615 4493
28616 4461
28616 4462
28616 4463
28616 4464
28616 4465
28616 4466
28616 4467
28616 4468
28616 4469
28616 4470
28616 4471
28616 4472
28616 4473
28616 4474
28616 4475
28616 4476
28616 4477
28616 4478
28616 4479
28616 4480
28616 4481
28616 4482
28616 4483
28616 4484
28616 4485
28616 4486
28616 4487
28616 4488
28616 4489
28616 4490
28616 4491
28616 4492
28616 4493
28617 4459
28617 4460
28617 4461
28617 4462
28617 4463
28617 4464
28617 4465
28617 4466
28617 4467
28617 4468
28617 4469
28617 4470
28617 4471
28617 4472
28617 4473
28617 4474
28617 4475
28617 4476
28617 4477
28617 4478
28617 4479
28617 4480
28617 4481
28617 4482
28617 4483
28617 4484
28617 4485
28617 4486
28617 4487
28617 4488
28617 4489
28617 4490
28617 4491
28617 4492
28617 4493
28618 4457
28618 4458
28618 4459
28618 4460
28618 4461
28618 4462
28618 4463
28618 4464
28618 4465
28618 4466
28618 4467
28618 4468
28618 4469
28618 4470
28618 4471
28618 4472
28618 4473
28618 4474
28618 4475
28618 4476
28618 4477
28618 4478
28618 4479
28618 4480
28618 4481
28618 4482
28618 4483
28618 4484
28618 4485
28618 4486
28618 4487
28618 4488
28618 4489
28618 4490
28618 4491
28618 4492
28618 4493
28619 4455
28619 4456
28619 4457
28619 4458
28619 4459
28619 4460
28619 4461
28619 4462
28619 4463
28619 4464
28619 4465
28619 4466
28619 4467
28619 4468
28619 4469
28619 4470
28619 4471
28619 4472
28619 4473
28619 4474
28619 4475
28619 4476
28619 4477
28619 4478
28619 4479
28619 4480
28619 4481
28619 4482
28619 4483
28619 4484
28619 4485
28619 4486
28619 4487
28619 4488
28619 4489
28619 4490
28619 4491
28619 4492
28619 4493
28620 4453
28620 4454
28620 4455
28620 4456
28620 4457
28620 4458
28620 4459
28620 4460
28620 4461
28620 4462
28620 4463
28620 4464
28620 4465
28620 4466
28620 4467
28620 4468
28620 4469
28620 4470
28620 4471
28620 4472
28620 4473
28620 4474
28620 4475
28620 4476
28620 4477
28620 4478
28620 4479
28620 4480
28620 4481
28620 4482
28620 4483
28620 4484
28620 4485
28620 4486
28620 4487
28620 4488
28620 4489
28620 4490
28620 4491
28620 4492
28620 4493
28621 4451
28621 4452
28621 4453
28621 4454
28621 4455
28621 4456
28621 4457
28621 4458
28621 4459
28621 4460
28621 4461
28621 4462
28621 4463
28621 4464
28621 4465
28621 4466
28621 4467
28621 4468
28621 4469
28621 4470
28621 4471
28621 4472
28621 4473
28621 4474
28621 4475
28621 4476
28621 4477
28621 4478
28621 4479
28621 4480
28621 4481
28621 4482
28621 4483
28621 4484
28621 4485
28621 4486
28621 4487
28621 4488
28621 4489
28621 4490
28621 4491
28621 4492
28621 4493
28622 4451
28622 4452
28622 4453
28622 4454
28622 4455
28622 4456
28622 4457
28622 4458
28622 4459
28622 4460
28622 4461
28622 4462
28622 4463
28622 4464
28622 4465
28622 4466
28622 4467
28622 4468
28622 4469
28622 4470
28622 4471
28622 4472
28622 4473
28622 4474
28622 4475
28622 4476
28622 4477
28622 4478
28622 4479
28622 4480
28622 4481
28622 4482
28622 4483
28622 4484
28622 4485
28622 4486
28622 4487
28622 4488
28622 4489
28622 4490
28622 4491
28623 4451
28623 4452
28623 4453
28623 4454
28623 4455
28623 4456
28623 4457
28623 4458
28623 4459
28623 4460
28623 4461
28623 4462
28623 4463
28623 4464
28623 4465
28623 4466
28623 4467
28623 4468
28623 4469
28623 4470
28623 4471
28623 4472
28623 4473
28623 4474
28623 4475
28623 4476
28623 4477
28623 4478
28623 4479
28623 4480
28623 4481
28623 4482
28623 4483
28623 4484
28623 4485
28623 4486
28623 4487
28623 4488
28623 4489
28624 4450
28624 4451
28624 4452
28624 4453
28624 4454
28624 4455
28624 4456
28624 4457
28624 4458
28624 4459
28624 4460
28624 4461
28624 4462
28624 4463
28624 4464
28624 4465
28624 4466
28624 4467
28624 4468
28624 4469
28624 4470
28624 4471
28624 4472
28624 4473
28624 4474
28624 4475
28624 4476
28624 4477
28624 4478
28624 4479
28624 4480
28624 4481
28624 4482
28624 4483
28624 4484
28624 4485
28624 4486
28624 4487
28624 4488
28625 4450
28625 4451
28625 4452
28625 4453
28625 4454
28625 4455
28625 4456
28625 4457
28625 4458
28625 4459
28625 4460
28625 4461
28625 4462
28625 4463
28625 4464
28625 4465
28625 4466
28625 4467
28625 4468
28625 4469
28625 4470
28625 4471
28625 4472
28625 4473
28625 4474
28625 4475
28625 4476
28625 4477
28625 4478
28625 4479
28625 4480
28625 4481
28625 4482
28625 4483
28625 4484
28625 4485
28625 4486
28626 4450
28626 4451
28626 4452
28626 4453
28626 4454
28626 4455
28626 4456
28626 4457
28626 4458
28626 4459
28626 4460
28626 4461
28626 4462
28626 4463
28626 4464
28626 4465
28626 4466
28626 4467
28626 4468
28626 4469
28626 4470
28626 4471
28626 4472
28626 4473
28626 4474
28626 4475
28626 4476
28626 4477
28626 4478
28626 4479
28626 4480
28626 4481
28626 4482
28626 4483
28626 4484
28627 4450
28627 4451
28627 4452
28627 4453
28627 4454
28627 4455
28627 4456
28627 4457
28627 4458
28627 4459
28627 4460
28627 4461
28627 4462
28627 4463
28627 4464
28627 4465
28627 4466
28627 4467
28627 4468
28627 4469
28627 4470
28627 4471
28627 4472
28627 4473
28627 4474
28627 4475
28627 4476
28627 4477
28627 4478
28627 4479
28627 4480
28627 4481
28627 4482
28628 4450
28628 4451
28628 4452
28628 4453
28628 4454
28628 4455
28628 4456
28628 4457
28628 4458
28628 4459
28628 4460
28628 4461
28628 4462
28628 4463
28628 4464
28628 4465
28628 4466
28628 4467
28628 4468
28628 4469
28628 4470
28628 4471
28628 4472
28628 4473
28628 4474
28628 4475
28628 4476
28628 4477
28628 4478
28628 4479
28628 4480
28629 4450
28629 4451
28629 4452
28629 4453
28629 4454
28629 4455
28629 4456
28629 4457
28629 4458
28629 4459
28629 4460
28629 4461
28629 4462
28629 4463
28629 4464
28629 4465
28629 4466
28629 4467
28629 4468
28629 4469
28629 4470
28629 4471
28629 4472
28629 4473
28629 4474
28629 4475
28629 4476
28629 4477
28629 4478
28630 4450
28630 4451
28630 4452
28630 4453
28630 4454
28630 4455
28630 4456
28630 4457
28630 4458
28630 4459
28630 4460
28630 4461
28630 4462
28630 4463
28630 4464
28630 4465
28630 4466
28630 4467
28630 4468
28630 4469
28630 4470
28630 4471
28630 4472
28630 4473
28630 4474
28630 4475
28630 4476
28631 4450
28631 4451
28631 4452
28631 4453
28631 4454
28631 4455
28631 4456
28631 4457
28631 4458
28631 4459
28631 4460
28631 4461
28631 4462
28631 4463
28631 4464
28631 4465
28631 4466
28631 4467
28631 4468
28631 4469
28631 4470
28631 4471
28631 4472
28631 4473
28631 4474
28632 4450
28632 4451
28632 4452
28632 4453
28632 4454
28632 4455
28632 4456
28632 4457
28632 4458
28632 4459
28632 4460
28632 4461
28632 4462
28632 4463
28632 4464
28632 4465
28632 4466
28632 4467
28632 4468
28632 4469
28632 4470
28632 4471
28632 4472
28633 4450
28633 4451
28633 4452
28633 4453
28633 4454
28633 4455
28633 4456
28633 4457
28633 4458
28633 4459
28633 4460
28633 4461
28633 4462
28633 4463
28633 4464
28633 4465
28633 4466
28633 4467
28633 4468
28633 4469
28633 4470
28634 4450
28634 4451
28634 4452
28634 4453
28634 4454
28634 4455
28634 4456
28634 4457
28634 4458
28634 4459
28634 4460
28634 4461
28634 4462
28634 4463
28634 4464
28634 4465
28634 4466
28634 4467
28634 4468
28635 4450
28635 4451
28635 4452
28635 4453
28635 4454
28635 4455
28635 4456
28635 4457
28635 4458
28635 4459
28635 4460
28635 4461
28635 4462
28635 4463
28635 4464
28635 4465
28635 4466
28636 4450
28636 4451
28636 4452
28636 4453
28636 4454
28636 4455
28636 4456
28636 4457
28636 4458
28636 4459
28636 4460
28636 4461
28636 4462
28636 4463
28636 4464
28637 4450
28637 4451
28637 4452
28637 4453
28637 4454
28637 4455
28637 4456
28637 4457
28637 4458
28637 4459
28637 4460
28637 4461
28637 4462
28638 4450
28638 4451
28638 4452
28638 4453
28638 4454
28638 4455
28638 4456
28638 4457
28638 4458
28638 4459
28638 4460
28639 4450
28639 4451
28639 4452
28639 4453
28639 4454
28639 4455
28639 4456
28639 4457
28639 4458
28640 4450
28640 4451
28640 4452
28640 4453
28640 4454
28640 4455
28640 4456
28641 4450
28641 4451
28641 4452
28641 4453
28641 4454
28642 4450
28642 4451
28642 4452
28643 4450
