37
569
772
159
963
959
312
458
29
159
449
215
63
562
893
520
30
550
586
753
237
558
357
352
778
665
507
443
256
916
584
629
145
706
338
521
697
963
73
824
188
934
83
691
821
267
393
31
551
585
660
66
103
640
186
448
23
701
477
344
97
921
335
72
606
751
201
237
332
13
584
926
780
650
712
570
899
56
313
711
890
628
624
532
510
689
31
797
393
894
305
151
48
139
279
426
906
160
741
831
744
266
181
886
362
898
423
154
985
251
696
45
31
776
463
677
532
999
115
861
331
555
234
762
965
313
344
224
242
599
791
799
107
181
145
530
647
969
932
177
724
461
579
107
3
321
638
974
98
204
740
521
587
790
291
429
584
517
396
610
461
125
115
176
398
955
461
158
10
363
932
384
598
459
318
197
440
823
860
960
998
847
265
632
699
629
969
370
529
90
810
909
710
900
284
596
508
837
854
208
320
59
286
421
120
869
31
774
648
616
649
438
890
587
395
554
299
306
182
871
981
289
195
204
480
646
128
873
29
93
291
440
689
701
162
199
397
821
642
552
703
985
156
10
636
647
1000
100
663
480
65
492
278
813
559
150
569
413
730
241
250
802
920
887
468
697
354
822
981
685
317
662
253
2
456
956
778
921
609
453
607
609
363
349
968
437
547
713
39
399
496
584
109
865
267
356
340
120
821
980
39
604
120
705
547
392
455
890
412
175
664
560
792
910
155
359
85
764
326
62
706
310
377
532
904
233
830
448
305
876
806
465
924
858
289
989
942
527
920
715
792
44
536
918
454
86
452
805
0