92
1 1 1
53 1 1
54 1 1
55 1 1
326 1 1
327 1 1
328 1 1
53 3 1
54 3 1
55 3 1
326 3 1
327 3 1
328 3 1
1 4 1
999 4 1
53 5 1
54 5 1
55 5 1
326 5 1
327 5 1
328 5 1
53 7 1
54 7 1
55 7 1
326 7 1
327 7 1
328 7 1
53 9 1
54 9 1
55 9 1
326 9 1
327 9 1
328 9 1
1 4 2
999 4 2
1 4 3
999 4 3
1 4 4
999 4 4
999 4 5
999 4 6
999 4 7
999 4 8
999 4 9
1 3 10
999 4 10
1 3 11
999 4 11
1 3 12
1 3 13
1 3 14
1 3 15
1 3 16
1 3 17
999 3 17
1 3 18
999 3 18
53 2 19
55 2 19
326 2 19
328 2 19
1 3 19
999 3 19
53 4 19
55 4 19
326 4 19
328 4 19
53 6 19
55 6 19
326 6 19
328 6 19
53 8 19
55 8 19
326 8 19
328 8 19
53 10 19
55 10 19
326 10 19
328 10 19
54 2 20
327 2 20
1 3 20
999 3 20
54 4 20
327 4 20
54 6 20
327 6 20
54 8 20
327 8 20
54 10 20
327 10 20
999 10 20