2 1 1
2 2 1
2 3 1
2 4 1
2 9999 1
2 10000 1
2 1 2
2 2 2
2 3 2
2 4 2
2 9999 2
2 10000 2
3 1 1
3 2 1
3 3 1
3 4 1
3 9999 1
3 10000 1
3 1 2
3 2 2
3 3 2
3 4 2
3 9999 2
3 10000 2
3 1 3
3 2 3
3 3 3
3 4 3
3 9999 3
3 10000 3
10000 1 1
10000 2 1
10000 5000 1
10000 9999 1
10000 10000 1
10000 1 2
10000 2 2
10000 5000 2
10000 9999 2
10000 10000 2
10000 1 9999
10000 2 9999
10000 5000 9999
10000 9999 9999
10000 10000 9999
10000 1 10000
10000 2 10000
10000 5000 10000
10000 9999 10000
10000 10000 10000
9999 1 1
9999 2 1
9999 5000 1
9999 9999 1
9999 10000 1
9999 1 2
9999 2 2
9999 5000 2
9999 9999 2
9999 10000 2
9999 1 9998
9999 2 9998
9999 5000 9998
9999 9999 9998
9999 10000 9998
9999 1 9999
9999 2 9999
9999 5000 9999
9999 9999 9999
9999 10000 9999
256 1 256
256 2 256
256 3 256
256 4 256
256 127 256
256 128 256
256 129 256
256 255 256
256 256 256
7891 1 1
7891 2 1
7891 3 1
7891 7890 1
7891 7891 1
7891 7892 1
7891 9999 1
7891 10000 1
7891 1 7891
7891 2 7891
7891 3 7891
7891 7890 7891
7891 7891 7891
7891 7892 7891
7891 9999 7891
7891 10000 7891
0 0 0