10
36
169
205
388
405
625
834
844
1044
1077
1096
1107
1200
1249
1655
2201
2466
2716
2809
3090
3133
3166
3248
3450
3577
3587
3618
3751
3834
3958
3985
4006
4140
4282
4587
4609
5025
5079
5251
5533
5662
5729
5739
5879
5943
6277
6448
6751
6767
6817
6825
6833
6852
7048
7135
7193
7349
7534
7928
8227
8384
8471
8538
8579
8598
8627
8650
8688
8788
8800
8847
8938
8962
8990
9097
9302
9352
9366
9386
9552
9564
9756
9798
9927
10068
10103
10159
10167
10183
10221
10252
10438
10448
10986
11033
11550
12000
12057
12310
12393
12454
12512
12846
12859
12882
13044
13153
13189
13332
13540
13633
13856
13927
14280
14352
14502
14635
14640
14807
14917
15107
15235
15346
15595
15659
15788
15886
16322
16347
16365
16491
16604
16706
16748
16805
16823
17026
17083
17245
17560
