30
57
73
114
133
150
221
251
258
265
287
297
322
329
391
403
428
487
553
572
579
596
603
650
708
715
730
748
771
803
820
839
877
900
907
948
986
1003
1172
1195
1228
1310
1331
1365
1380
1418
1425
1436
1443
1472
1506
1513
1520
1536
1556
1563
1620
1627
1662
1669
1731
1772
1835
1871
1904
1932
1939
1956
1972
1982
2032
2069
2087
2113
2134
2237
2266
2310
2322
2329
2351
2451
2478
2485
2500
2507
2550
2560
2641
2729
2755
2771
2997
3065
3072
3088
3190
3259
3266
3281
3388
3417
3434
3458
3596
3603
3630
3640
3647
3662
3754
3770
3777
3870
3877
3884
3926
3999
4018
4025
4079
4144
4160
4210
4235
4319
4387
4415
4441
4517
4572
4579
4603
4639
4668
4692
4722
4759
4797
4851
4868
4885
4896
4903
4924
4975
5026
5042
5096
5141
5176
5216
5284
5291
5306
5324
5341
5348
5355
5381
5396
5435
5560
5707
5734
5767
5803
5832
5854
5927
5962
5969
6007
6030
6101
6119
6144
6163
6181
6219
6236
6258
6320
6353
6476
6513
6537
6641
6693
6713
6749
6758
6773
6783
6804
6848
6915
6922
7070
7077
7152
7168
7223
7255
7262
7287
7296
7324
7380
7387
7400
7407
7426
7463
7520
7557
7606
7621
7640
7723
7802
7809
7827
7951
7958
7973
7980
7987
8007
8014
8021
8056
8072
8091
8127
8134
8158
8199
8233
8261
8276
8415
8475
8524
8554
8561
8646
8665
8709
8723
8738
8805
8840
8862
8906
8940
8947
8975
8999
9026
9033
9081
9101
9152
9159
9190
9231
9292
9299
9337
9390
9438
9445
9481
9507
9548
9616
9623
9642
9673
9680
9687
9694
9723
9757
9764
9797
9804
9811
9843
9863
9892
