83141310145169154671122
923111128
923101128
903111128
3
31
412
3124
11111
222111
335544
1223455321
000
000100020003121
1213141516171819181716151413121
712131415161718191817161514131216
712131405161718191817161514031216
03205301204342100
0912830485711120342
1113241120998943327631001
7688167781598943035023813337019904732
2032075902729233234129146823006063388
8323636570846582397534533
2142555257761672319599209190604843
06424633785085474133925235
503144400846933212134
1204706243676306476295999864
050527640248767717738306306596466224
5926294098216193922825
655589141599534035
7411279689677738
268131111165754619136819109839402
