060276724276
770175454177
743733377170
724212121273
100000000000
000002000000
003622223600
520073737070
770077007700
555555555514
764252427600
774555554177
674574754557
000000000000
777777777777
774377777577
070777777777
373737373737
603260327725
466331144663
000000000242
567656043772
200763012420
400101140052
764767476476
001110140110
765405076527
377323370373
250541131216
744165741476
042101000300
002004554101
371707762706
130371310175
212537003613
157700063411
011500036007
743113313517
174105270405
427272200311
725370332237
005640420046
700350001101
577627744076
620332232007
260406401000
737272723276
000400040444
370222002177
372236024656
276131137003
742134007240
777721775571
700301232233
