41,33,26,55,74,58,68
00,99,09,90
09
05,05,05
45
38,39
38,47
45,66
12,34,56,78
12,34,56,78,45
00,09,00
00,90
99,09
99,90
11,12,21,22
42,45,92,95,83,62
42,45,92,83,62
34,38,78,74,56,35,77,48,54
38,78,74,56,35,77,48,54
31,41,21,71,21
46,45,42,44,45
00,99,09
99,09,90,24
99,16,61,34,17,24,42,26,18,71,19,91,81,43,33,62,52,25
55,43,16,91,61,19,24,18,33,34,71,81,42,62,52,26,17,25
71,26,81,62,17,16,25,42,33,52,19,18,91,24,61,34,43
39,49,19,93,78,58,48,91,95,29,68,92,86,87,94,77
69,89,25,26,58,12,37,36,68,24,11,13,48,14,79
58,67,92,38,83,29,91,76,84,57,75,48,85,19,66
00,83,76,85,48,19,75,29,92,57,66,67,91,58,38,84
11,92,57,38,58,66,91,67,84,48,83,19,75,85,76,29
36,07,45
57,23,24,74
92,20,32,12,65
24,54,66,48,54,15
05,17,42,20,48,22,13
53,84,55,56,25,14,84,43
06,77,56,59,15,24,09,66,71
53,36,47,45,45,67,66,46,63,75
35,53,93,33,02,84,83,48,54,32,28
55,74,32,84,41,64,24,44,15,14,26,53
47,60,34,32,19,67,24,83,94,38,47,05,79
63,32,42,74,66,64,35,41,74,25,48,62,44,54
00,86,16,19,09,92,51,10,68,23,14,63,21,46,03
56,46,54,14,15,25,53,84,58,85,44,37,54,76,26,76
71,87,39,43,76,38,91,69,98,33,43,26,56,69,73,52,89
43,26,84,64,52,48,36,23,66,53,41,57,76,36,84,57,35,41
81,02,85,93,36,46,80,27,72,28,02,99,13,41,36,40,18,97,38
63,46,75,58,42,26,58,37,14,75,35,63,32,36,52,46,85,14,48,23
66,92,64,12,17,33,10,28,75,05,81,05,42,86,52,57,56,78,87,81,10
48,25,58,76,15,74,43,44,24,62,33,67,34,34,42,48,37,33,51,43,46,67
