400,401,302
105,100,306,414
100
211
317
414
100,106
205,203
303,305
407,409
104,103
204,203
313,314
419,418
100,102,101
103,206,309
414,310,309
104,102,206,307,102,202
104,206,308,409,407
313,406,213,301,409,422,412,102,428
101,300,210,308,423,321,403,408,415
304,316,307,207,427,402,107,431,412,418,424
205,408,210,215,425,302,311,400,428,412
200,311,306,412,403,318,427,105,420
105,305,407,408,309,208,427
311,304,322,404,429,305,316
210,401,316,425,101
414,403,404,416,428,421
207,300,103,211,428
322,314,310
427,200,215
311,402,424,307,318,430,323,305,201
425,430,408
202,320,209,426
430,209,302,310,304,431,320
208,206,406,424,213,312
420,302,313,413,317,402
319,306,309,418,204,411
400,308,105,430,203,428,209
200,305,214
214,408,410,407,317,422
