3,11,12,102,111,120
10,20,30,35,70
1,5,20,80
1,2,3,4,5,6,7,8,9,10,11,12,13,14
1,2,3,4,5,6,7,8,9,10,11,12,13,14,15
1,2,3,4,5,6,7,8,9,10,11,12,13,14,17
1,2,3,4,5,6,7,8,9,10,11,12,13,14,18
5,6,7,8,9,10,11,12,13,14,15,16
9,10,11,12,13,14,15,16,17,18,19
11,36,37,45,55,70,71
92,93,94,95,96,97,98,99
95,96,97,98,99,100
27,30,34,37,43,44,46,51,57
6,10,13,17,65,73,76,80
12,19,21,29,85
1,2,8,10,14,23,58,62,64
4,22,25,31,44,50,58,69,71,72,73,77
8,16,26,27,42,53,65,69,81,83,88,99
9,10,23,24,28,33,38,39,58,68,84
11,16,24,26,88
24,33,47,56,63,66,75,78,89,93
7,26,72,77
69,88,95,97
9,14,48,89
69,76,77,83
11,14,24
8,25,75,93
11,55,93,98,99
71,83,87
22,76,77,92
33,61,66,83,95
6,16,49,55,72
62,85,97,98
54,60,67,70,72
54,61,68,84,87
65,67,69,75,79,89,99
69,72,80,81,89
1,2,3
