8x6:6214,3024,5213,5022,0223,7115
1x1:
2x3:
9x7:
2x3:0021
2x3:1012
2x3:0022
9x9:1177
7x7:2354
3x6:1121,0333
8x1:4031,0031
8x2:3141,5031
1x6:0213,0012
3x3:1221,0021,0131
9x2:1042,8012,6012
3x6:0024,0432,2013
4x3:1131,0221,2021
8x4:3252,2121,6021
3x3:2112,0022,0221
9x9:1019,3019,5019,7019
4x3:3112,0013,1122,2021
4x8:1513,2028,0025,0612
9x6:2262,5432,8014,3151
5x2:2012,3121,3021,0121
3x4:1321,1121,1221,0012
5x3:0112,1122,4013,0041
8x7:3552,3451,5031,0162
9x9:2234,8412,0792,6421,1681
4x7:0532,1012,3014,3512,2213
8x5:4342,3033,0033,6122,1332
6x7:1431,3331,1621,2531,4621
4x9:1324,3116,0013,2722,2013,0712
7x6:3241,4531,1412,0214,3012,5321
2x9:1412,0021,0117,0821,1113,1612
9x9:2544,6034,1342,6524,0523,4022
5x6:0422,4113,2022,2313,4412,2221
7x4:6212,0012,6012,2331,3023,0321
4x4:3012,1321,2221,0212,0012,1022
5x7:1132,1332,0312,4013,0641,4512
5x5:0341,3221,3421,0221,1421,0151,1041
9x9:6224,5642,0643,0333,3422,1033,4122
6x8:0055,1642,5513,0531,5013,5312,0612
9x9:4232,1465,7326,3042,1123,7122,0514,7021
8x9:0361,5732,6413,0431,7313,1722,2141,3524,7112
8x6:6422,1053,6122,1422,3333,6021,0412,0013,6321
9x9:3324,5217,8116,2312,7314,6414,3061,7721,1231,1514,3712
9x9:7424,4423,0227,3722,4053,2324,5722,2013,7821,6321,2712,6512
8x7:5422,6022,2262,1522,3422,0122,0322,2032,6621,4621,0512,7412,5012
