2,3,5,4:85
1,2,3,4:1
1,2,3,4:2
1,2,3,4:3
1,2,3,4:4
1,2,3,4:27
1,2,3,4:63
1,2,3,4:40
1,4,3,2:40
3,3,3,3:30
3,3,3,3:31
3,3,3,3:32
3,3,3,3:70
3,3,3,3:71
3,3,3,3:72
1,1,1,1:7
1,2,1,1:7
1,6,1,1:7
1,8,1,1:7
1,1,1,1:30
1,2,1,1:30
1,5,1,1:30
1,8,1,1:30
9,9,9,9:99
5,6,3,8:3
5,8,1,1:11
2,8,1,2:18
3,2,3,1:20
3,3,8,1:28
2,5,1,2:32
2,5,1,6:33
1,2,5,7:34
3,6,5,6:36
6,2,8,1:39
3,1,2,3:41
1,1,3,4:45
1,3,1,2:46
4,4,4,4:49
3,1,4,4:55
6,6,2,1:56
3,2,1,2:59
2,7,7,1:60
3,1,1,1:63
4,6,4,1:78
7,5,3,6:79
7,8,3,1:81
3,2,5,2:82
1,1,3,4:84
7,4,1,5:88
3,6,5,3:89
1,4,2,3:92
1,3,4,5:93
2,4,8,1:94
3,6,1,7:99
