44165,44516
26265,31436
46345,54215
62143,11152
4242,4314,1562
5612,3656,4523
5514,1311,5252
5262,4631,2644
6626,3324,2644
4645,6314,2564
54,65,23,21,14
5325,3641,1335
4163,2156,2553
3126,6543,4352
4464,5423,5216
3564,3634,5631
4363,3454,2126
25,25,33,12,52
1551,4542,3624
6623,4126,6331
2432,6215,1623
1151,6555,3616
2466,1242,4444
5646,1463,4244
1255,6413,4534
1325,2312,2425
2544,6413,4656
1656,4131,3235
6332,3631,4113
4525,2151,2336
1645,2356,4314
3334,6215,1553
2622,5251,5165
1111,5613,3451
6146,4512,6353
2455,3312,6461
1221,1325,1422
1562,2236,5212
6622,3324,5155
2352,4631,1236
4645,2252,6554
3542,6515,1231
12,61,56,45,23
4643,6522,3625
1151,1642,4512
5423,5146,2212
6224,3412,5653
3122,5423,6231
5421,2351,6513
5652,3542,3313
5524,3335,1146
5311,4126,6425
15,43,62,42,14
3631,3542,3265
1232,5364,6135
2441,4644,5433
2213,5621,3412
6644,1264,1235
5613,1423,6315
6552,1546,2141
5623,1461,5645
1442,1436,6362
3443,5145,4546
1244,1313,2316
2152,1463,2114
1211,6234,5561
4152,1252,3142
6645,1231,6122
353,241,121,536
224,444,651,234
643,214,244,343
624,542,214,333
441,426,536,656
564,642,513,364
422,136,414,416
463,356,113,662
464,515,435,462
531,145,364,525
623,564,153,633
335,462,531,424
131,111,535,436
435,414,423,365
144,512,332,346
342,246,342,634
246,566,431,415
444,554,234,621
313,624,165,652
563,262,545,315
213,264,154,264
364,434,246,113
411,656,325,225
624,234,115,443
252,214,635,154
146,213,525,164
456,423,112,352
253,156,111,355
252,161,562,365
136,553,544,524
414,351,161,525
261,442,111,531
323,664,454,133
213,415,225,165
363,162,165,533
346,441,315,241
121,312,155,164
123,311,452,365
361,145,212,431
451,264,412,513
311,456,263,226
343,442,624,635
534,644,234,251
515,346,462,435
445,126,165,636
343,355,126,353
623,533,256,144
125,341,566,416
354,434,621,411
356,435,253,114
141,265,533,514
613,426,142,535
366,322,413,325
331,542,343,545
261,512,563,123
242,132,656,164
133,545,441,665
111,151,621,545
132,154,234,653
114,455,635,511
14366,64254,66664,42611,41245
41114,53116,13122,66613,35111
22146,34244,16154,62531,51426
464316,136563,136326,535655,641161,252655
166255,615452,261224,533566,323335,556213
126665,245653,343553,254661,365415,361154
1512663,1525531,5456426,6336325,4324465,6512242,4112466
2236563,6644542,4425515,6641142,4214543,1156426,3225413
5545354,6566343,3525411,5356165,4625265,1535435,5522665
16161,61616,16161
2431,6354,2341
