12,34,5
10,11,10
1,100,3
11,12,10
12,13,10
123,456,7
38,274,14
98,76543,2
987,6543,2
5057,5202,3
98,76543,21
987,6543,21
1097,2889,11
2764,6482,17
16333,24085,8
21759,67173,20
32026,57805,22
188318,407853,6
51669,116065,30
294104,515248,32
444257,740280,15
645098,2741620,9
12345,987654321,2
2467130,8433468,2
323901,4712975,10
12345,987654321,36
3969344,4086910,24
19743263,83912295,5
6349529,39870823,10
66160071,153732445,5
18799557,189007582,14
78547566,225312226,20
143084571,506549072,18
2099642384,2789567569,6
