2,15,3,8
6,8,8,1
6,6,5,1
4,11,5,2
9,17,8,2
73,82,18,5
70,149,2,48
82,119,15,26
40,127,26,47
851,950,31,89
660,807,34,143
962,1227,34,186
544,1258,25,245
1208,7380,2,803
2,100000000,10,1
1642,6626,3,4354
8623,15873,2,4188
7013,16409,17,3919
7222,13243,19,3623
4421,87412,5,62080
51812,61593,22,2957
44260,67742,17,15128
90929,696974,36,84356
1,100000000,2,50000000
101262,924931,7,341846
211114,675661,33,312769
1,100000000,36,50000000
1,100000000,10,100000000
826566,1444644,36,186226
6687091,6985458,4,251580
4219082,6179401,12,538113
7781931,8634872,23,217457
818218,64845924,12,57752258
4987258,11760092,32,6741567
7075964,28431054,22,11548591
26065964,66252692,18,29196596
66097362,104618756,16,32740764
