50
2
2 3
2 1
2
3 1
4 3
2
3 2
2 2
2
2 3
3 3
2
2 3
2 1
2
4 4
3 3
2
2 2
2 4
2
2 3
3 3
3
3 3 2
1 1 3
4 1 4
3
3 3 3
1 4 1
4 1 1
3
4 1 3
1 3 1
4 4 4
3
4 1 1
1 3 2
2 4 1
3
2 4 4
2 3 4
4 4 4
3
1 3 1
1 4 4
3 3 2
3
3 1 2
4 4 3
2 2 3
3
3 3 2
3 1 1
2 4 1
4
2 2 3 3
1 4 2 3
4 2 3 3
3 1 1 4
4
3 2 4 3
3 3 4 4
2 4 2 4
2 4 3 4
4
4 1 2 3
4 2 4 4
2 2 3 1
2 3 1 3
4
2 1 4 2
3 1 3 4
4 3 4 3
4 2 3 1
4
1 2 3 1
1 1 3 3
2 1 3 2
3 3 4 3
4
2 1 2 4
2 2 3 4
4 4 4 1
4 1 3 4
4
2 2 3 1
3 3 1 2
4 3 3 4
3 3 1 3
4
2 1 2 4
2 3 3 4
2 1 4 1
1 4 2 3
4
1 4 3 4
1 4 1 4
1 2 1 4
2 1 2 3
4
4 4 3 3
1 1 3 3
1 2 2 1
1 3 4 2
6
1 2 2 2 2 1
1 3 1 2 2 3
2 2 3 2 4 4
3 4 2 3 4 4
1 2 1 3 3 3
3 3 3 1 2 4
6
3 1 4 2 3 3
1 2 2 4 1 3
3 1 1 1 1 3
2 2 3 2 2 4
3 2 4 2 3 4
2 2 1 4 2 4
6
1 4 4 4 1 1
1 1 4 1 1 3
1 2 3 2 2 1
4 4 3 3 2 3
4 2 2 4 4 4
1 2 2 4 3 1
6
4 2 4 2 2 4
1 4 4 2 1 3
2 1 3 4 4 4
2 3 1 3 4 4
1 1 3 3 4 2
4 3 2 1 4 1
6
2 4 2 3 3 2
4 2 3 2 4 4
4 4 3 4 4 4
3 2 3 2 4 2
4 1 2 1 1 4
4 2 1 4 1 4
6
2 2 3 2 2 1
4 4 2 1 2 3
3 3 1 1 3 1
4 1 3 1 3 4
4 2 1 4 2 1
2 4 2 4 3 1
6
4 1 2 4 2 4
1 4 3 1 4 1
2 3 2 4 3 1
4 3 3 4 3 4
4 3 3 1 3 1
4 1 2 2 3 1
6
4 2 2 4 1 3
2 2 4 4 3 2
2 1 3 2 2 2
1 3 1 2 3 2
1 4 4 3 3 1
2 3 4 3 3 2
6
2 3 2 3 2 4
3 1 3 1 3 3
4 2 3 3 3 3
2 1 3 2 1 1
4 2 2 4 1 4
1 4 2 4 2 3
6
2 3 4 4 2 4
1 1 3 4 1 4
4 4 3 3 3 2
4 3 4 3 3 4
2 4 3 3 1 4
4 3 3 4 4 4
7
1 1 4 1 2 2 1
2 4 2 2 4 3 3
4 4 1 1 4 3 3
2 4 4 2 4 4 2
1 1 4 4 1 1 1
4 3 4 3 4 3 1
2 4 4 1 3 3 2
7
2 4 2 2 1 3 2
3 4 3 1 2 1 2
4 1 1 1 1 4 3
3 1 1 3 3 1 3
2 1 1 2 3 1 1
1 3 3 4 3 4 2
3 3 2 3 2 3 1
7
3 1 1 4 4 2 1
1 4 1 4 1 2 4
1 1 4 4 1 1 4
2 1 4 3 4 1 2
4 2 1 4 2 2 4
3 4 3 4 3 3 3
4 3 4 1 3 2 2
7
4 2 2 1 4 4 4
2 1 1 2 3 3 4
4 2 3 4 4 1 4
1 2 4 2 2 4 2
2 3 3 2 4 3 2
1 2 1 3 3 3 2
1 1 4 3 2 3 4
7
1 1 1 2 3 4 1
3 1 2 2 1 2 2
1 1 2 4 3 3 2
2 4 1 1 3 4 2
4 1 4 3 3 3 2
1 4 4 1 4 1 3
4 1 3 4 1 3 4
7
2 1 4 1 4 2 4
1 2 1 1 2 2 1
2 1 2 3 3 2 3
2 4 1 3 1 3 3
2 4 2 3 4 4 2
2 3 3 1 3 1 2
2 1 3 1 1 1 1
8
3 4 2 3 3 1 4 4
2 2 3 3 1 3 4 2
3 3 3 2 2 4 2 4
1 1 4 3 2 1 2 3
1 4 1 2 1 2 2 1
3 2 3 3 1 2 4 3
4 4 3 1 1 3 4 4
4 2 3 2 3 3 2 2
8
3 1 2 4 1 4 2 1
3 3 1 4 3 3 3 4
4 3 3 2 4 3 4 3
1 3 4 4 2 4 1 2
4 3 3 4 1 2 4 4
2 3 1 1 4 2 1 1
4 3 2 1 2 2 1 1
2 4 2 2 1 3 2 2
8
4 2 4 2 1 2 1 3
3 3 4 1 2 2 4 1
1 2 1 3 2 2 2 1
2 2 3 3 3 1 4 1
3 3 1 2 2 2 3 3
1 4 2 2 3 4 3 1
1 1 1 4 2 3 1 2
4 3 1 2 1 4 2 2
8
3 4 4 3 2 2 4 1
2 1 4 2 3 1 2 4
3 1 1 2 4 2 4 1
1 4 2 4 3 1 1 1
1 1 2 4 3 1 2 1
2 1 4 4 2 4 1 4
3 4 3 1 2 2 2 4
1 2 2 3 4 2 3 2
8
2 2 1 1 4 1 4 3
2 1 2 1 1 3 3 2
1 4 1 4 2 2 4 3
2 1 4 4 2 2 1 3
1 3 1 1 2 3 1 2
3 2 3 4 2 3 4 4
2 3 3 1 3 4 1 2
4 1 2 2 3 2 3 4
8
2 4 4 4 1 2 2 2
3 3 4 1 1 1 3 4
1 2 3 1 3 2 3 3
4 1 3 4 1 3 4 1
4 2 2 4 1 2 4 4
4 3 3 2 2 1 1 2
1 3 1 3 2 2 2 4
3 2 4 1 4 2 3 1
9
2 4 4 3 2 1 4 1 4
4 4 2 2 3 2 2 4 2
3 3 1 3 2 2 3 3 3
3 4 2 2 2 3 4 1 1
3 3 4 3 1 3 3 1 4
1 3 4 1 1 3 1 1 4
2 3 4 2 2 3 4 2 1
4 4 3 1 4 1 2 1 3
2 1 1 2 1 1 1 4 4
9
3 1 4 2 2 3 2 3 1
2 4 1 2 1 3 2 1 4
1 1 4 3 1 3 1 3 2
2 1 3 4 1 1 3 3 1
4 4 3 4 3 2 4 3 4
1 3 3 2 4 3 2 4 3
1 4 1 2 1 4 1 3 4
4 1 3 1 1 4 2 2 3
1 1 3 2 1 1 3 2 1
