5 654[3]210
3 1
3 7
4 10
5 17
3 511
3 512
5 21845
3 262143
3 262144
10 14516136
3 259582688
3 1073741823
3 1073741824
33 518321832
5 1073741567
5 1073741815
5 1073741823
5 1073741824
123 518321832
7 5[2]
3 1[45]
7 1[80]1
10 1[65]1
6 23[38]1
6 1[1000]1
7 1[10000]1
43 123[269]1
8 1[100000]1
8 3[6]6[5]34
9 1[1000000]1
10 1[10000000]1
684 2345[6964]1
100 1[12]1[631]1
3163 765[32654]1
6 138547332[57]9
8 12345[100000]1
8 8947848[15]136
7 2216757314[69]9
7853 8765[82626]1
9 34567[1000000]1
15 798915[4]205064
1000 1[123]1[7231]1
15 12483[4]12788040
15 12483[4]12788042
15 12483[4]12790090
49157 9753[311326]1
5 1398101[5]4805983
5 89478473[2]611679
5 89478473[2]613727
1000 1[234]1[11148]1
1000 1[345]1[16148]1
19661 98765[204802]1
10 1234567[10000000]1
7 1186774455377[99]123
10000 1[1234]1[105157]1
18 12[50]54[64]18[55]30
9 264557485[120]649018346
7 5461[1]89478485[1]89478485
13 102[9]956[9]641[123]882[9]73
48 1[23]1[23]1[23]1[23]21[18]84
50 1[24]1[24]1[24]1[29]21[20]84
8 255[8]255[8]255[8]255[224]223
10 63[4]63[4]63[4]63[4]63[90]959
100 123[274]654321[185]4321[97]1
12 7[9]7[9]7[9]7[9]7[9]7[170]3276
6 1[16]1[16]1[16]1[16]1[16]1[814]2
65 45[33]45[33]45[33]45[33]45[209]
100 895[10]895[10]895[10]895[10]895
65 45[33]45[33]45[33]45[33]45[208]1
8 21845[1]21845[1]349525[1]89478485
284 877[203]877[203]877[203]877[856]
7 33[10]809[6]1135001[10]5761[6]168968
666 116[298]320[755]975[274]638[275]631
97914 943208[20323]465546[196660]476743
9891 7945[4755]1907[5867]8563[4854]6020
284 1[1]877[203]877[203]877[203]877[856]
921 679845[1515]679845[1515]679845[7453]
174 45[81]45[81]45[81]45[81]45[81]45[544]
11 142884933[20]9[63]11363[26]4868371[21]1
174 45[81]45[81]45[81]45[81]45[81]45[543]1
10 5461[1]349525[1]5592405[1]22369621[1]43690
32151 73861[1119]67102[76462]93250[18847]87550
244 454767[286]454767[286]454767[286]454767[2464]
12 153391689[2]19173961[2]299593[2]37449[2]4793490
244 454767[286]454767[286]454767[286]454767[2460]15
47655 321472[13843]247107[88808]358721[197388]434131
3126 45[1557]45[1557]45[1557]45[1557]45[1557]45[9400]
