976 1691
911 269
631 642
227 75
469 239
69 602
177 424
685 459
265 362
528 965
266 100
851 829
864 274
858 816
240 337
759 575
95 439
359 487
677 888
914 496
416 831
891 706
342 941
440 743
684 621
229 942
400 788
27 599
413 562
250 660
883 817
713 229
698 742
644 203
647 960
339 733
584 150
716 344
515 456
645 303
970 805
458 68
549 84
969 235
806 759
592 687
126 132
856 852
304 70
200 897
893 909
147 385
866 794
543 487
713 456
895 389
152 525
273 338
388 915
613 651
616 694
564 532
438 488
170 215
368 799
78 615
616 735
164 341
542 353
28 420
450 348
33 492
234 106
803 704
292 497
114 209
594 327
498 112
750 450
47 628
85 417
343 631
808 425
75 154
154 295
13 533
948 461
312 445
228 676
282 131
376 143
146 700
515 262
901 865
648 219
724 475
220 439
256 888
541 876
730 490
658 968
96 380
354 268
916 620
739 131
592 93
211 708
676 333
762 851
125 7
1 381
165 348
614 718
140 219
415 772
698 854
296 404
192 709
529 592
441 779
584 15
568 201
567 787
80 680
945 63
683 793
761 867
68 201
783 194
880 329
937 911
111 288
138 411
213 742
836 904
485 177
916 93
760 855
136 657
625 447
807 213
714 632
768 203
290 643
37 891
373 781
690 599
603 791
368 766
437 828
60 668
962 32
341 165
840 845
244 122
78 442
314 313
294 775
10 679
172 602
836 623
34 663
823 355
532 711
195 286
591 873
119 120
53 428
125 711
57 420
540 201
541 245
490 193
533 486
460 387
355 792
418 21
275 757
370 704
500 406
279 913
340 63
367 285
956 462
633 175
249 694
729 764
5 273
335 117
383 345
388 225
50 739
135 286
216 802
296 502
200 347
809 646
783 903
21 782
709 869
565 790
398 216
261 538
699 895
515 581
159 268
9 674
848 20
689 731
733 552
538 125
156 98
138 725
723 885
524 834
356 220
53 535
204 24
940 420
277 88
104 711
397 671
186 437
773 671
869 806
798 681
417 548
309 638
772 951
168 93
757 368
110 522
832 19
502 677
641 486
129 637
556 247
423 296
353 596
89 927
94 937
506 394
974 843
866 592
454 885
934 35
360 225
649 612
266 157
503 109
36 669
626 160
688 451
963 843
468 619
731 295
310 678
869 808
949 858
678 893
370 933
511 681
136 20
569 948
90 138
590 215
816 235
583 268
270 708
772 731
854 459
231 950
213 679
81 585
402 48
262 572
907 482
860 847
735 365
483 858
284 179
110 80
224 377
281 652
653 699
345 654
199 945
368 115
480 759
710 744
216 925
180 760
949 502
771 788
76 70
453 6
62 586
737 159
618 784
784 296
861 843
130 109
153 367
233 486
487 628
794 861
942 690
506 898
358 739
965 409
622 666
254 976
480 456
396 738
898 136
496 669
531 887
166 165
300 1
305 519
909 206
831 781
649 862
797 728
139 335
163 920
737 483
385 889
246 241
620 915
955 968
498 104
622 457
730 783
819 959
949 628
74 177
114 741
341 740
843 757
310 380
519 520
363 159
202 889
83 163
69 758
719 557
657 728
733 214
779 133
6 347
839 52
381 252
942 711
550 589
858 750
180 184
437 535
21 840
709 378
413 920
802 418
622 291
296 292
535 809
238 716
333 701
470 194
399 379
554 485
812 557
446 904
893 139
964 775
823 938
478 55
64 945
179 304
699 403
738 74
4 973
299 846
286 377
808 18
117 757
279 241
193 624
552 169
739 627
264 827
16 555
365 77
440 220
702 448
799 689
740 396
592 729
539 553
518 911
760 863
392 836
45 449
152 504
167 551
81 802
92 780
272 557
405 340
8 344
177 221
685 968
707 733
840 506
300 615
160 544
42 320
521 120
134 368
628 31
281 282
945 376
962 125
24 666
170 539
29 281
458 212
593 815
858 946
125 615
715 4
590 613
765 515
318 872
391 228
640 266
161 860
632 319
816 369
281 573
322 713
967 172
491 383
241 766
899 955
849 66
546 441
108 508
769 222
45 952
44 623
733 459
203 218
700 244
258 972
499 950
116 936
39 844
423 27
813 452
828 374
123 551
128 810
418 377
257 74
596 561
568 466
589 931
257 507
387 872
853 618
970 822
937 441
973 886
522 837
134 391
797 221
446 437
401 673
242 390
794 491
708 277
265 792
647 257
374 751
513 796
492 81
392 154
568 328
15 24
111 20
76 90
673 933
283 970
359 400
683 211
479 444
599 613
46 351
913 925
571 914
441 295
572 101
280 18
463 889
909 826
735 941
356 601
464 824
174 887
466 596
142 465
273 787
220 619
800 551
958 68
451 588
649 407
81 341
890 549
92 620
849 133
833 323
210 441
855 427
567 765
161 718
259 156
776 839
887 33
209 698
276 502
444 375
482 958
12 83
406 191
45 352
825 191
662 401
187 665
389 814
695 774
259 133
153 906
561 915
600 93
212 163
111 842
707 6
32 648
381 539
956 868
828 529
405 832
133 459
262 668
880 22
59 30
8 593
104 954
471 432
279 215
928 625
16 501
536 560
328 310
720 130
77 240
684 408
944 736
618 404
304 271
413 797
948 638
231 642
508 389
37 266
884 739
170 272
150 234
557 618
944 44
339 159
654 241
732 862
696 295
627 785
793 966
81 127
874 558
13 925
677 502
73 344
310 415
25 592
134 146
446 128
930 670
842 492
76 760
920 366
276 967
769 31
535 734
659 901
700 961
259 80
209 187
324 873
365 131
286 714
568 599
18 498
321 291
180 565
19 36
403 632
28 283
804 799
877 266
271 783
75 679
974 785
657 107
888 466
757 197
6 886
248 299
552 760
973 718
633 499
303 614
605 759
753 281
95 309
315 60
393 813
583 725
803 941
739 811
390 268
714 535
535 519
900 128
78 433
872 973
466 883
349 567
152 237
709 929
470 414
916 247
661 922
719 183
581 781
782 333
434 605
862 677
615 648
193 770
299 445
453 609
832 929
548 783
532 705
8 915
784 572
199 194
769 607
836 783
249 438
736 394
353 923
100 635
229 499
823 642
950 614
118 67
143 483
481 562
483 818
910 590
557 797
466 847
966 512
652 605
562 104
928 296
712 581
216 95
812 366
952 414
535 837
778 237
546 129
162 150
680 829
657 968
642 361
3 436
816 193
156 303
322 396
799 775
195 823
7 383
452 427
962 456
232 939
878 753
499 864
462 631
218 596
553 212
406 826
904 522
696 375
700 794
662 65
367 559
561 680
532 468
52 472
926 413
481 925
780 704
698 578
368 699
832 479
385 343
497 490
19 525
233 512
488 617
770 505
292 80
726 84
584 621
806 28
976 605
411 88
464 539
690 659
729 33
352 604
135 495
737 623
534 107
261 858
255 572
763 428
963 619
529 52
893 331
363 832
589 519
960 739
9 889
467 405
730 623
593 416
344 684
333 741
961 562
681 216
735 917
901 701
972 708
648 218
341 460
34 334
822 588
884 76
117 890
687 180
249 920
621 879
286 200
89 583
203 436
615 381
415 38
717 643
904 299
172 281
816 535
285 385
826 167
402 168
78 829
923 736
283 282
878 243
547 454
893 462
419 805
609 342
31 627
551 25
238 315
975 893
407 711
713 583
377 774
710 222
757 145
723 340
325 469
810 326
743 921
447 566
50 467
506 832
382 900
248 93
763 475
231 812
144 360
733 533
37 265
886 664
578 713
265 739
855 151
417 306
617 632
529 645
240 287
303 31
349 698
668 723
724 922
193 611
545 758
766 608
621 88
330 661
668 578
99 178
871 479
543 642
477 220
300 384
308 573
517 5
421 715
538 631
568 600
866 280
773 828
464 423
157 401
216 520
644 466
310 177
630 336
86 427
651 538
724 825
505 517
219 486
312 889
520 648
155 926
155 114
379 550
256 394
546 378
697 433
22 716
45 688
671 278
821 715
166 965
724 951
17 906
24 691
395 728
130 647
119 970
267 892
109 913
38 569
388 21
835 795
415 331
314 570
976 286
484 935
391 921
468 906
588 907
570 650
60 364
100 32
598 665
527 365
790 570
402 411
573 341
499 933
153 154
814 428
248 24
641 160
550 474
660 817
960 193
174 371
583 859
653 440
683 442
704 895
190 787
394 451
454 723
760 913
947 509
756 453
576 446
405 460
688 109
535 956
42 243
406 421
960 118
725 399
201 547
56 229
504 620
781 318
858 38
605 133
271 177
555 583
741 400
802 587
68 974
548 59
218 668
810 417
403 781
959 885
28 57
891 3
654 342
843 299
817 159
871 804
805 891
56 289
812 150
248 521
656 895
487 940
114 497
758 932
463 328
488 49
823 679
481 579
468 244
474 873
311 334
71 590
954 896
755 307
229 952
360 766
935 778
147 909
202 749
385 945
97 417
267 825
437 692
458 94
659 632
234 920
474 126
516 758
446 269
379 311
939 41
431 765
216 141
362 148
326 438
522 575
10 133
621 163
91 921
661 968
206 332
119 949
10 475
337 633
175 164
59 896
577 795
868 777
324 14
39 703
98 757
631 541
389 621
891 198
946 282
730 72
711 30
26 851
746 840
550 491
75 386
923 83
532 420
486 587
914 625
830 479
150 520
262 86
450 302
124 230
455 142
810 817
957 115
498 943
320 120
710 341
846 366
360 110
863 612
365 889
496 35
627 322
762 834
182 843
678 223
425 176
831 753
791 234
886 397
471 878
20 796
386 25
672 738
231 532
490 520
738 680
61 660
374 696
107 158
616 933
866 767
374 797
280 78
72 27
770 686
419 270
831 637
429 206
712 566
801 400
532 544
77 818
211 490
275 37
584 5
714 802
627 105
409 406
579 266
100 689
212 75
231 804
697 55
639 253
733 211
240 643
29 861
545 940
736 749
592 759
610 138
889 884
83 173
189 770
237 875
718 860
768 241
128 678
698 197
678 418
809 862
296 295
26 13
677 223
740 97
409 615
928 689
895 418
596 667
283 321
68 883
234 74
857 262
848 860
314 415
412 301
450 664
571 34
476 197
406 770
84 341
468 417
492 888
22 456
815 78
784 103
568 958
495 500
335 800
768 80
866 558
29 518
798 940
90 65
717 36
646 224
761 908
895 451
183 434
874 330
285 777
548 913
922 779
941 40
544 324
230 49
269 619
473 637
664 947
494 63
495 354
368 666
884 133
261 444
783 333
845 739
816 503
72 690
659 598
822 230
21 146
976 391
300 718
764 644
52 373
300 352
48 825
17 462
282 407
175 576
32 690
514 641
293 250
296 743
812 637
890 944
540 830
109 55
809 641
957 639
198 503
770 857
295 95
583 303
162 434
255 804
880 830
678 449
387 213
188 853
344 22
917 179
373 602
9 97
528 612
123 690
571 710
414 429
884 99
84 97
264 128
69 696
479 352
745 204
726 382
32 633
533 39
788 472
59 249
408 303
544 844
529 438
974 310
598 472
398 935
166 131
339 439
966 431
164 416
720 171
773 778
649 353
885 576
674 705
676 16
347 113
776 710
37 144
799 123
645 151
103 890
513 183
573 919
842 700
378 790
694 16
143 248
77 50
538 516
631 186
816 942
503 295
72 249
19 755
757 187
761 517
867 187
532 201
273 57
862 915
519 555
576 99
261 93
962 561
854 515
677 581
438 241
331 476
150 165
374 903
141 937
888 606
334 49
265 161
943 729
370 532
173 339
48 121
142 840
417 276
272 966
441 158
852 802
405 940
676 455
660 182
188 898
627 624
258 277
395 961
569 372
847 271
485 5
521 695
606 248
521 512
812 590
969 151
40 531
322 826
239 946
753 908
303 718
407 57
232 686
113 446
331 451
760 132
652 511
115 232
800 833
885 847
619 702
176 932
921 395
635 901
193 512
929 577
966 590
645 261
403 614
605 247
865 777
62 39
342 728
133 128
253 536
769 768
126 374
668 581
106 874
437 189
602 685
731 963
607 966
903 687
355 32
263 877
520 306
206 660
356 1
309 149
245 445
585 765
804 22
261 797
908 52
818 489
939 288
226 128
618 276
270 457
343 936
295 336
886 861
815 676
835 186
581 887
896 700
40 813
463 640
750 641
309 453
771 422
684 23
196 508
802 608
449 776
681 454
154 241
329 743
290 615
76 463
49 683
813 32
212 283
199 416
352 467
388 241
816 764
77 725
632 628
579 738
907 612
216 850
403 325
742 791
449 873
892 301
643 238
418 23
402 262
916 310
352 89
152 731
502 869
57 38
96 968
298 835
225 737
870 142
746 904
345 95
440 400
900 113
574 445
565 944
107 504
548 674
715 761
71 936
97 34
425 635
390 72
451 74
181 381
42 110
727 198
597 353
374 367
781 229
415 315
159 573
115 279
532 920
117 770
744 649
255 948
925 434
950 442
49 154
454 462
257 898
407 145
64 633
102 348
215 777
262 587
778 349
179 95
117 464
497 509
837 628
344 141
587 251
583 960
573 36
601 701
111 710
618 756
640 547
236 60
376 945
628 298
712 709
179 648
916 697
204 302
829 744
61 265
177 807
389 148
351 576
875 74
499 795
134 483
101 217
484 876
126 542
146 968
332 424
429 973
946 249
639 777
487 358
560 896
959 866
189 564
228 374
205 97
262 203
135 378
380 808
862 912
867 551
11 166
430 732
680 194
112 516
739 791
869 664
724 704
268 452
779 976
599 638
399 53
202 467
759 238
645 297
812 705
382 918
130 182
42 52
100 671
765 592
514 487
669 319
826 64
38 801
386 180
758 878
631 532
301 39
802 524
365 859
594 627
152 94
652 449
691 678
267 959
839 696
381 309
589 240
630 425
575 951
581 1
927 21
103 776
127 60
77 354
904 503
633 466
136 555
211 113
115 859
892 451
754 873
3 285
493 146
315 706
565 468
285 962
324 888
718 841
849 433
528 479
941 97
209 680
925 861
177 903
824 326
493 752
59 333
520 809
150 425
481 147
808 431
489 803
906 295
534 73
438 263
924 135
190 562
159 28
507 666
149 603
408 144
85 451
489 43
865 157
60 775
192 289
11 679
525 748
692 332
642 776
384 56
353 303
651 90
286 805
720 12
540 228
279 112
216 742
397 314
240 822
25 225
78 789
304 24
587 461
45 868
419 115
131 839
91 344
469 416
292 850
300 274
763 490
174 346
777 429
799 389
599 528
856 370
436 90
198 860
147 677
848 417
704 464
724 531
88 907
544 142
486 767
308 519
883 889
428 470
283 950
267 976
78 434
710 189
924 3
251 970
219 766
148 239
356 135
600 967
366 344
777 253
615 574
671 130
567 870
109 917
911 288
289 113
590 225
887 603
599 109
965 328
398 316
183 538
720 89
373 952
229 94
247 366
205 363
622 882
398 888
440 121
793 192
499 825
351 824
463 914
119 193
799 355
655 272
151 586
867 621
285 714
109 60
665 459
580 880
253 135
287 520
864 921
578 651
230 185
17 460
135 398
82 608
680 224
592 471
276 605
523 33
155 203
174 377
115 620
539 427
41 708
427 242
446 743
857 60
418 637
100 740
428 147
762 215
804 57
312 630
331 306
190 38
816 625
618 933
732 779
354 650
62 252
301 295
818 915
358 566
842 867
112 306
60 856
81 776
265 687
424 456
516 636
593 457
562 238
374 944
857 807
827 587
461 788
194 689
