1000 5034
618 831
267 39
380 676
695 63
736 527
530 640
901 940
611 833
372 765
356 218
390 65
106 795
174 928
107 565
964 543
336 166
445 796
686 842
582 550
967 891
472 475
109 515
992 658
745 741
974 396
132 236
541 144
687 498
193 842
423 400
412 551
508 972
786 843
751 218
715 973
834 546
437 729
175 533
759 106
77 260
266 75
66 264
216 677
489 92
589 529
803 995
135 860
262 506
6 827
26 208
264 891
926 376
753 831
654 470
767 75
380 223
666 998
562 159
127 551
520 65
594 56
575 238
995 929
43 604
792 586
288 34
373 118
865 115
660 307
9 597
844 253
419 922
587 205
408 842
405 920
890 978
616 569
763 865
681 190
729 87
970 240
770 501
420 580
670 2
848 322
86 144
888 601
614 212
249 596
693 747
820 485
95 552
567 198
570 358
168 558
171 996
903 192
688 362
958 914
880 118
191 580
855 331
608 573
375 943
435 984
130 13
646 866
494 655
79 743
775 10
63 563
155 712
100 514
856 619
853 519
285 282
674 721
375 765
607 552
257 377
701 8
96 884
637 650
245 188
562 717
104 287
929 303
633 802
566 617
380 436
897 265
386 88
3 725
744 378
745 396
578 141
692 55
625 731
789 687
107 651
553 788
18 98
75 31
883 282
167 749
938 915
1 936
243 430
78 934
652 741
64 582
412 987
681 179
681 262
513 656
884 240
425 909
210 291
727 735
797 458
164 657
878 632
653 581
633 908
556 114
611 594
137 881
849 77
670 772
124 999
503 717
930 516
967 322
823 217
435 776
918 258
520 738
776 311
80 868
27 879
776 337
304 552
837 429
415 268
424 961
818 659
241 662
256 874
828 123
976 158
631 460
54 551
668 39
45 895
817 177
912 198
470 953
647 365
952 477
997 416
274 185
534 374
899 448
913 638
167 134
799 748
819 34
868 860
90 836
470 477
354 842
127 788
225 694
437 839
756 305
320 285
468 670
336 460
779 880
708 877
924 383
904 400
267 958
991 187
823 214
588 229
934 511
572 854
205 784
833 52
810 975
364 468
382 973
543 258
567 614
878 982
471 248
141 765
165 734
367 443
654 722
848 592
338 873
321 917
162 276
845 609
368 731
37 815
168 349
490 249
775 682
210 968
999 957
656 812
643 540
396 398
745 234
828 784
934 808
493 536
114 258
423 91
613 812
472 893
101 77
89 41
181 982
217 576
235 97
509 77
53 784
824 880
347 648
538 496
426 220
797 944
486 408
122 719
928 630
216 648
210 663
734 643
970 560
774 290
334 781
260 749
923 874
699 961
640 71
429 212
155 511
825 680
703 113
139 978
314 175
743 156
334 369
579 377
504 935
109 177
583 748
912 67
56 986
401 308
756 462
792 387
633 129
979 438
687 420
546 536
253 539
513 639
825 317
534 57
259 876
746 547
120 574
189 190
262 284
389 179
78 46
28 553
710 213
815 647
126 284
951 133
583 975
863 34
345 213
919 268
206 404
80 403
444 281
942 8
506 728
340 791
492 348
490 459
532 246
697 740
844 333
756 415
132 260
25 454
315 723
365 565
799 731
259 9
82 742
621 306
74 64
352 764
590 471
223 234
958 400
451 356
392 483
464 784
321 118
818 268
832 182
107 136
182 634
187 199
997 671
811 862
528 249
267 562
197 407
18 65
606 582
937 730
298 438
406 887
334 720
120 860
923 888
373 773
343 514
688 882
657 173
492 466
555 609
77 157
236 798
813 915
135 886
724 644
163 247
121 681
824 969
882 985
954 570
149 353
947 177
635 588
980 861
122 263
367 87
894 234
568 749
90 260
515 934
453 827
493 254
207 248
884 591
676 198
411 122
578 910
253 191
69 197
513 332
332 754
271 35
320 999
498 346
498 231
192 304
817 214
565 528
201 659
186 413
939 900
786 221
149 846
740 103
189 487
300 379
457 909
943 948
674 424
50 773
416 408
949 866
271 193
149 516
42 718
756 969
425 415
618 672
647 217
391 733
964 766
731 214
682 75
331 43
440 526
461 281
338 334
926 49
122 329
116 462
785 149
841 880
952 845
697 833
700 571
149 145
116 367
977 827
116 657
559 986
728 873
583 579
158 410
453 176
109 771
77 427
826 416
19 922
217 431
668 790
928 246
312 909
120 398
981 191
51 780
566 357
272 723
241 891
187 771
323 227
408 649
388 42
135 558
101 106
854 696
15 931
267 746
15 213
678 959
271 383
662 837
885 982
441 608
152 312
690 178
998 908
32 131
621 63
651 642
92 376
94 193
719 269
442 347
667 725
45 846
652 250
503 40
327 510
129 275
440 226
594 937
645 827
418 289
761 437
192 515
635 809
464 877
621 278
608 885
835 726
679 513
974 691
367 617
95 334
61 831
281 249
872 383
619 765
66 151
639 758
371 363
205 811
521 972
473 143
534 476
720 307
938 963
613 8
80 812
248 649
63 43
563 466
174 479
855 223
416 986
566 731
970 909
612 536
921 327
43 480
885 617
255 814
925 632
949 529
858 487
88 470
998 196
876 486
399 303
402 513
493 11
25 427
7 271
154 698
727 203
712 683
394 550
567 648
775 926
604 739
952 4
860 661
287 931
990 17
896 176
719 40
77 605
298 833
984 966
266 419
603 502
399 534
776 704
722 397
629 480
204 749
351 147
647 998
615 781
724 961
23 286
319 954
210 900
447 244
269 156
309 240
503 507
519 971
684 471
809 103
405 786
226 388
546 177
634 377
229 510
711 501
915 986
911 215
506 971
789 567
59 236
439 567
760 335
832 812
813 501
764 179
360 310
806 721
385 52
259 741
6 964
688 240
444 529
503 348
497 458
933 790
568 656
453 114
789 163
331 538
132 348
562 977
926 324
284 941
247 859
305 955
494 105
354 476
436 77
255 139
425 628
152 199
647 673
433 71
762 317
691 977
50 260
947 46
426 346
16 65
255 950
440 781
540 211
789 560
701 686
704 254
426 381
465 891
390 655
426 884
411 912
639 427
234 5
288 480
705 92
129 407
607 580
441 902
963 113
868 440
104 553
535 133
490 601
473 303
381 398
148 292
168 229
77 917
828 819
80 460
781 975
689 901
598 130
523 663
643 614
677 273
1 976
769 667
201 438
94 616
828 456
744 972
978 349
995 585
120 909
135 511
636 507
395 143
677 226
952 426
418 145
367 103
61 326
262 953
238 114
406 919
389 368
714 281
321 141
581 748
33 923
986 348
513 68
676 560
484 440
292 471
992 176
574 639
849 601
96 991
1 925
100 482
796 839
963 465
85 743
920 738
389 380
823 101
219 468
826 673
332 512
995 407
177 935
382 945
747 471
693 196
125 87
28 543
867 591
259 570
603 349
171 230
504 638
448 923
141 64
840 397
713 468
622 28
695 220
736 366
679 6
22 485
890 968
997 431
928 741
998 599
958 182
643 721
751 656
591 81
556 21
521 13
904 131
897 683
47 793
328 933
909 996
677 871
144 221
435 59
53 488
678 414
555 640
705 937
208 655
924 77
319 990
414 420
837 322
56 254
883 585
612 582
477 232
791 179
778 333
526 999
799 335
251 400
109 391
290 547
94 912
440 343
661 971
385 797
481 427
889 278
409 604
411 797
26 331
361 941
89 235
967 768
146 601
585 649
111 131
635 567
664 604
114 827
260 46
336 738
444 719
339 930
639 664
974 829
624 687
750 302
678 972
571 2
827 969
241 302
59 291
189 923
26 623
6 388
392 739
814 874
247 496
636 862
505 196
691 191
344 70
889 289
101 251
56 133
556 175
121 843
593 418
168 888
922 459
192 906
708 56
497 920
380 921
234 892
128 92
615 664
493 993
437 884
367 568
534 102
190 398
544 281
392 22
468 158
265 971
107 832
625 309
1 136
772 940
354 687
168 861
279 198
109 107
304 562
265 780
567 591
968 430
109 162
201 449
528 838
494 243
850 550
334 754
353 526
2 989
245 520
162 788
546 471
675 41
108 529
786 92
575 989
635 383
17 64
130 728
939 957
296 805
888 906
759 338
340 982
172 546
856 627
66 998
747 4
987 686
13 376
624 329
761 626
573 316
938 121
848 572
261 281
714 922
279 533
816 533
866 133
703 993
809 793
976 689
439 670
595 604
782 661
392 343
600 966
964 367
30 930
16 509
591 159
435 952
112 342
593 3
607 648
7 427
9 869
206 454
857 105
288 316
171 288
312 690
79 427
853 477
525 592
413 214
195 799
308 988
290 950
145 569
613 657
990 403
497 400
172 278
209 548
796 760
987 800
89 868
751 249
951 28
572 298
382 505
702 471
863 772
203 771
997 718
299 249
492 532
241 522
380 890
590 254
680 582
823 34
167 793
165 130
104 802
207 972
524 161
801 410
181 258
197 788
130 865
818 532
899 456
792 270
631 928
941 264
669 643
139 335
844 808
875 228
786 788
182 936
237 54
681 945
129 707
928 539
295 195
10 935
890 416
338 37
713 51
576 301
89 877
164 535
254 554
847 818
900 760
403 832
917 291
374 224
506 623
588 110
19 349
522 486
787 43
572 153
709 281
965 596
287 269
90 912
508 379
155 986
311 614
168 325
426 873
597 421
33 268
807 547
303 118
76 115
441 39
171 506
976 400
997 501
484 67
858 743
639 355
253 676
724 512
230 561
751 840
425 865
574 524
338 747
6 456
745 367
575 454
412 476
441 416
714 25
813 309
751 124
206 676
333 232
703 436
850 645
209 816
191 213
122 243
451 987
434 930
621 235
163 482
787 873
826 91
382 221
205 611
189 809
924 700
299 963
506 927
30 764
17 888
195 634
879 551
589 264
165 347
241 45
956 999
206 183
995 859
190 571
833 123
265 960
849 819
88 274
169 726
700 591
30 600
181 542
193 51
727 448
711 547
583 133
145 906
699 534
403 85
520 985
114 898
830 161
137 590
413 312
16 507
692 341
763 911
513 251
697 748
330 562
534 275
572 578
956 783
538 862
298 731
981 881
744 150
395 569
345 937
116 343
714 482
860 690
292 391
525 255
424 706
225 279
19 532
687 126
300 268
47 864
674 159
195 510
450 874
522 103
14 769
389 687
145 950
147 131
457 996
352 804
739 176
259 544
850 702
319 458
15 810
709 143
995 275
855 638
734 312
715 139
114 551
385 240
413 131
815 673
392 201
980 302
527 285
367 783
747 365
362 698
127 276
933 161
922 24
354 423
979 18
484 233
908 46
729 144
456 501
370 922
701 54
425 144
209 67
7 432
523 603
762 497
397 857
378 144
123 514
380 57
997 957
570 217
74 244
351 167
461 280
669 275
192 153
304 958
999 134
456 728
492 116
808 937
435 994
165 175
771 540
207 937
803 71
504 597
818 212
639 545
346 302
464 493
222 156
521 706
480 115
775 77
320 39
619 957
375 20
883 144
395 250
469 95
108 753
895 343
697 436
693 641
661 166
311 507
630 929
314 902
846 599
6 976
536 893
724 400
390 307
467 626
618 990
412 93
262 50
640 724
641 218
327 731
291 394
673 743
149 40
210 757
760 718
992 840
598 989
150 696
487 107
894 569
56 672
268 535
275 53
593 82
849 158
152 797
851 307
174 734
655 739
88 464
207 496
608 204
504 390
675 361
792 813
553 812
889 367
580 597
145 303
674 868
70 549
604 741
806 676
30 345
883 841
366 159
994 860
624 731
496 996
80 329
276 609
561 843
448 301
305 831
678 219
480 105
143 264
79 234
699 965
352 382
695 105
9 812
321 415
653 449
965 996
563 577
380 190
770 649
456 268
524 764
19 391
438 465
366 746
152 250
902 885
351 753
389 537
598 233
621 818
862 123
365 812
94 88
974 438
705 21
523 42
937 483
579 748
171 782
331 92
785 416
345 51
881 417
403 957
205 657
847 230
904 829
320 511
981 902
105 659
141 138
17 132
970 34
525 403
757 623
736 308
208 95
775 353
465 554
999 232
411 530
103 391
251 918
25 258
225 960
675 197
339 683
221 77
840 234
89 907
436 246
419 992
129 462
646 353
668 892
578 427
887 215
205 233
567 36
33 904
838 322
694 455
181 235
855 976
437 17
710 958
612 222
611 788
479 65
27 951
619 388
172 328
346 480
683 5
493 805
168 255
574 427
775 915
525 29
304 495
194 322
451 592
143 552
604 103
22 702
678 623
608 98
864 220
479 969
777 763
296 558
836 581
964 111
674 798
266 430
415 527
678 766
201 202
661 391
809 48
402 390
853 23
71 738
10 544
378 482
835 273
855 391
529 772
270 982
189 713
709 877
864 605
262 16
251 880
569 347
418 515
73 273
143 978
108 232
419 688
507 946
599 793
578 667
117 13
393 666
591 600
766 698
621 34
513 185
398 286
607 430
883 177
277 642
386 212
10 600
63 470
563 345
263 656
162 357
209 557
514 623
108 10
346 838
437 242
311 18
187 637
208 294
26 309
10 555
334 422
88 689
820 98
370 637
624 445
775 247
844 741
683 218
350 102
445 568
62 574
413 943
877 725
108 355
327 873
271 347
387 238
494 223
296 930
225 12
761 178
979 231
399 713
194 235
220 959
603 646
620 600
625 950
37 501
972 560
538 871
478 4
425 595
392 581
94 377
338 683
1000 516
875 400
651 960
144 816
924 536
147 477
876 320
216 533
441 248
536 845
775 167
64 231
7 825
815 124
447 54
340 92
782 879
398 526
196 156
136 359
58 454
901 733
205 192
371 181
868 284
681 799
981 469
635 183
785 202
698 733
717 944
124 278
938 943
922 552
544 549
635 43
981 11
620 138
602 909
783 752
396 845
660 560
419 783
684 436
225 569
711 468
788 282
534 735
251 403
640 940
36 749
847 346
425 351
447 280
392 475
729 983
484 766
124 979
529 325
94 373
828 874
167 369
616 586
263 18
779 465
474 689
219 293
699 72
465 880
799 455
188 341
360 312
267 164
782 656
967 819
570 768
298 78
40 832
864 557
593 628
79 737
776 617
25 653
745 592
751 415
818 156
305 506
288 414
328 144
972 3
389 37
268 260
841 816
25 971
100 265
210 441
483 485
729 197
641 891
16 829
153 784
589 251
113 642
112 662
149 580
611 233
774 87
596 742
503 795
351 812
781 937
447 181
968 431
1 898
268 67
491 746
949 71
367 439
315 149
685 110
80 755
100 932
321 945
526 432
155 291
965 270
583 588
894 625
769 51
914 627
10 41
537 724
314 950
61 644
833 427
354 59
994 213
63 458
120 898
121 650
682 415
711 462
841 78
702 302
471 458
692 122
148 949
133 971
849 555
922 732
776 767
464 737
864 252
558 485
582 215
346 905
197 288
804 213
399 142
555 857
610 91
847 209
25 10
44 226
155 954
708 265
747 153
122 289
729 818
822 543
90 157
551 749
382 887
331 282
956 757
833 968
388 812
705 486
63 983
356 248
448 841
451 999
912 627
858 102
876 265
943 103
146 929
972 930
75 554
441 171
461 717
243 550
670 460
890 567
618 429
599 157
52 64
620 84
536 781
343 2
813 574
226 248
834 581
102 741
342 901
872 393
624 594
363 49
608 821
534 10
699 690
574 84
869 77
651 790
212 765
283 839
178 454
839 432
16 954
736 105
205 927
498 650
482 802
433 303
374 706
196 742
642 821
584 518
493 645
22 46
8 969
245 134
117 893
135 464
926 528
893 707
378 39
808 741
143 623
778 496
547 99
499 248
479 957
206 799
64 218
135 154
56 910
490 554
531 612
839 871
70 501
593 81
844 575
761 692
135 43
619 690
761 919
561 800
529 612
431 871
624 145
435 31
74 190
772 553
224 798
974 613
974 222
184 485
556 158
721 439
772 134
32 300
108 639
345 347
453 218
450 161
535 794
990 958
294 881
939 153
778 220
389 136
671 231
766 752
925 561
674 838
110 400
735 307
627 730
792 389
242 324
745 477
541 908
929 892
15 841
785 941
1 544
844 105
611 334
22 222
352 129
189 870
523 644
871 794
620 77
468 290
896 376
163 276
897 977
861 256
860 728
26 4
580 739
319 340
515 908
585 760
826 605
902 324
165 795
147 82
703 341
703 364
739 99
868 755
431 75
762 535
63 494
467 285
890 740
588 302
965 56
658 592
660 231
238 463
572 571
857 471
219 644
818 337
669 879
245 781
356 459
603 407
125 871
876 993
82 873
398 549
789 379
682 71
684 794
295 454
301 115
667 236
997 760
283 750
817 533
529 3
126 880
566 765
181 491
456 273
438 458
59 771
206 86
958 379
172 868
599 48
911 244
434 728
678 673
365 421
459 157
284 605
154 318
541 418
690 562
323 39
566 97
987 617
73 505
945 306
938 670
210 342
832 324
744 311
210 66
669 542
29 969
180 798
490 281
257 936
611 819
847 178
551 733
450 723
778 637
981 551
564 497
104 506
361 71
834 311
74 837
701 524
493 728
187 408
498 229
815 672
655 843
768 816
678 728
195 904
259 634
270 54
650 316
9 396
889 151
407 516
928 379
621 983
585 142
425 228
713 404
843 359
109 78
271 195
129 891
976 765
1000 67
69 301
62 529
484 597
785 244
24 561
767 702
715 377
335 198
313 119
959 892
995 2
7 672
930 731
525 248
375 376
949 599
588 915
806 94
573 236
575 216
888 258
80 975
472 596
33 702
413 325
666 932
147 434
96 99
497 236
372 2
579 737
687 918
123 102
980 118
380 533
74 609
736 752
789 293
187 773
206 547
245 114
248 458
924 339
321 95
326 404
729 317
869 599
217 465
401 604
437 438
487 846
561 31
227 552
122 350
158 959
515 592
453 956
76 540
518 16
846 957
595 277
796 95
687 365
847 77
229 901
732 906
489 1000
199 301
606 887
76 56
349 502
811 56
515 601
796 257
137 132
162 824
826 875
683 317
35 516
894 544
329 748
353 969
340 317
276 343
591 429
150 376
315 622
119 881
392 385
467 967
943 254
446 930
267 963
489 124
89 743
695 387
73 944
612 982
594 201
314 426
499 626
736 837
669 815
564 913
362 260
890 452
801 770
491 273
437 923
575 206
580 718
389 536
467 805
174 155
584 222
323 457
948 265
490 20
880 463
402 639
772 642
100 350
497 462
995 347
714 653
335 337
699 912
194 422
361 257
484 536
786 303
162 548
356 176
203 617
39 199
3 510
419 384
687 742
409 955
327 738
488 81
703 407
308 228
491 204
642 516
841 753
938 383
313 573
350 257
864 565
577 950
227 387
379 170
61 682
872 696
253 970
841 873
787 366
435 517
267 441
437 297
662 265
487 625
704 996
190 83
300 458
473 327
965 546
288 801
111 595
972 596
865 630
663 490
132 232
79 227
851 122
889 888
629 5
756 175
619 502
106 626
640 879
682 424
453 314
287 906
727 219
453 859
489 173
869 163
207 272
47 222
561 836
619 749
867 368
415 1000
483 36
163 544
352 717
365 676
813 875
313 582
404 318
525 728
189 235
282 959
564 236
425 529
236 12
288 713
328 486
145 720
37 797
186 57
223 257
150 596
631 574
444 452
163 111
998 765
197 78
288 466
401 798
290 845
610 641
476 488
241 324
205 561
976 475
575 536
428 462
963 144
600 886
437 209
256 214
610 638
958 917
106 908
168 106
608 582
272 507
473 603
385 188
813 830
776 486
997 823
817 145
284 275
191 993
15 540
89 432
508 324
414 988
900 498
351 325
112 154
105 359
941 304
225 557
239 979
863 318
395 877
296 730
940 232
500 493
69 805
88 231
659 957
16 670
952 27
19 196
116 567
386 577
956 15
761 653
405 516
448 346
894 407
836 312
840 358
125 815
825 534
578 357
94 710
412 693
169 224
53 39
914 105
588 65
497 932
374 748
873 648
10 8
469 349
913 820
843 307
588 933
77 142
847 423
777 740
203 21
10 157
636 12
69 488
140 520
1 259
763 601
202 644
902 993
657 264
11 886
711 804
499 138
15 733
489 211
23 221
847 531
241 346
684 842
551 989
395 434
392 706
28 5
599 915
951 490
716 717
522 835
165 427
520 501
206 429
777 855
813 70
727 853
45 960
32 191
506 106
479 888
456 923
399 485
933 290
900 480
441 842
206 476
401 982
117 143
172 225
670 309
375 81
413 201
603 242
89 307
126 215
833 407
226 244
57 717
521 528
965 255
336 917
704 650
202 282
564 434
523 984
922 539
247 582
451 785
565 178
654 105
396 291
418 272
755 690
538 102
994 698
721 969
756 771
121 115
767 832
321 625
374 304
858 180
453 215
419 678
588 280
6 748
61 964
79 485
851 683
928 476
305 360
470 87
453 907
365 462
784 989
296 235
956 156
995 276
225 561
49 533
747 596
875 539
508 539
473 533
24 573
572 423
493 554
352 706
404 507
518 552
117 462
444 607
816 528
360 471
551 179
731 248
804 274
470 182
94 381
956 520
492 809
96 998
478 273
678 42
666 153
728 471
248 550
321 586
659 460
638 665
622 951
382 696
736 535
753 591
130 551
489 986
793 11
150 87
761 529
831 18
925 73
799 430
711 568
50 548
489 476
72 543
236 754
847 583
594 41
761 847
243 544
985 199
908 969
447 479
939 544
251 416
197 233
16 619
309 410
411 191
438 310
701 713
668 855
540 156
724 353
923 934
856 740
620 466
884 458
342 712
769 476
128 452
618 555
789 785
477 612
369 859
684 201
886 960
685 672
280 950
216 701
38 333
107 645
716 762
88 966
347 377
94 247
223 783
346 164
309 77
393 702
241 212
674 281
258 533
841 824
512 940
859 748
572 454
862 333
77 246
386 176
207 429
992 143
984 612
877 986
587 3
386 272
751 591
881 18
112 566
578 223
830 997
349 969
625 278
29 303
31 512
225 272
396 131
219 410
699 916
784 166
903 155
998 31
332 526
269 337
622 833
141 455
951 143
193 310
991 752
849 461
116 196
705 510
320 738
192 215
62 288
328 501
80 312
161 502
716 320
972 986
395 686
116 446
392 890
928 683
913 387
51 812
267 859
692 659
643 378
935 989
607 512
918 213
225 258
412 796
440 845
428 827
413 531
13 46
479 976
89 696
606 347
1 558
901 516
860 136
789 803
367 348
791 3
168 947
315 932
945 471
673 202
126 783
503 845
860 408
537 573
610 477
521 859
684 257
654 712
4 460
778 391
28 151
123 236
822 179
490 626
822 403
608 742
734 273
19 25
386 857
940 733
687 901
113 128
30 38
379 55
457 468
563 543
140 921
686 46
7 327
847 159
708 173
734 659
140 223
34 940
418 335
296 986
384 835
701 495
792 565
441 585
462 75
669 881
239 133
29 466
86 888
164 978
476 246
276 960
44 530
80 987
597 159
72 655
565 966
284 454
776 388
435 148
861 197
610 721
779 281
739 98
207 845
406 279
660 250
193 653
88 48
676 401
843 170
383 662
990 394
645 410
608 574
63 163
136 827
928 552
216 351
41 289
823 741
241 361
332 128
611 704
761 131
7 920
526 696
636 712
491 609
418 579
589 477
589 104
980 201
521 280
766 422
540 390
869 456
671 700
265 749
88 595
747 401
489 417
89 932
44 482
787 880
681 149
441 198
276 958
537 729
65 754
618 398
113 308
855 794
489 901
801 367
479 446
900 320
349 966
116 58
647 622
120 648
559 823
108 946
15 862
395 526
80 571
148 704
206 2
580 13
242 454
479 503
137 996
445 802
375 294
82 307
676 382
17 484
418 602
934 105
311 133
442 795
811 43
354 905
99 749
685 526
154 64
983 93
708 484
191 656
777 544
87 293
920 151
862 11
311 591
40 359
367 73
367 516
152 22
851 97
7 695
564 731
484 800
177 50
141 471
386 981
284 528
153 57
561 404
392 404
834 471
489 998
172 329
985 571
14 782
532 485
474 48
37 348
484 416
762 309
791 39
6 878
886 483
852 634
121 43
600 946
79 365
74 845
449 617
751 576
537 76
441 359
376 97
284 289
266 90
638 100
808 71
469 850
806 485
992 764
592 552
148 90
591 310
684 116
444 43
135 300
102 156
31 581
882 298
624 514
16 247
714 274
123 138
204 273
332 491
904 252
647 831
444 519
247 519
216 308
469 206
786 128
947 721
787 325
513 892
294 486
227 93
373 866
652 358
28 67
498 324
564 61
33 709
991 157
91 737
290 665
1 93
328 692
383 995
580 20
206 503
650 348
669 710
399 732
572 376
621 823
995 214
120 302
734 546
805 977
147 442
628 724
537 198
402 733
645 765
650 303
172 338
62 970
968 367
326 860
692 297
198 49
633 119
762 133
681 25
205 843
575 892
79 854
867 761
523 132
154 884
339 304
233 213
638 841
841 502
342 752
177 417
699 16
111 203
792 163
358 248
684 145
61 941
481 92
559 457
283 159
763 610
641 911
584 986
465 845
713 743
688 71
148 249
59 814
229 226
7 52
608 907
692 864
428 750
345 717
509 279
181 810
822 44
991 468
884 306
6 122
928 969
64 322
924 307
874 738
541 199
250 629
380 548
52 630
716 603
80 518
332 281
225 305
635 144
502 548
464 272
406 197
881 198
736 163
147 161
294 933
938 514
137 563
673 249
194 329
799 821
711 221
473 827
537 748
925 101
314 55
280 579
832 944
335 231
686 821
563 333
214 634
850 937
299 891
899 258
223 733
352 85
847 59
65 794
580 18
104 875
475 840
820 158
180 843
271 223
71 307
128 491
607 600
981 744
313 911
650 535
902 908
210 725
559 677
708 289
321 33
487 3
641 376
660 460
680 973
883 317
776 821
956 463
523 726
467 837
447 300
726 612
729 891
380 206
736 959
825 47
933 310
189 300
955 265
128 65
335 236
172 578
564 791
374 514
86 599
14 414
14 979
219 50
883 661
256 978
205 503
715 142
774 82
320 551
636 539
639 793
947 160
677 993
894 377
587 249
129 863
295 515
506 486
304 317
816 959
546 914
47 788
801 368
654 658
145 497
606 509
364 325
844 434
149 671
4 57
117 720
195 603
389 182
18 909
861 327
572 670
295 730
319 139
498 367
233 758
101 519
266 5
771 166
123 173
529 866
140 340
883 367
787 179
809 612
883 951
113 146
314 816
544 812
633 214
83 702
372 912
191 779
782 874
288 53
414 661
227 799
437 97
419 554
217 341
107 748
604 460
181 591
853 287
710 248
167 752
825 968
80 748
336 881
372 268
429 248
288 275
913 811
61 398
369 920
561 599
972 257
33 158
28 501
964 230
26 83
437 249
241 19
849 710
537 491
480 596
798 999
299 770
946 686
817 30
344 292
572 839
30 269
424 839
520 188
545 198
243 874
173 458
265 185
122 274
767 486
883 533
825 388
868 138
534 571
241 642
861 724
529 983
849 915
578 84
687 874
707 21
856 302
450 429
52 198
107 558
399 809
120 509
294 840
917 103
811 940
849 56
572 126
193 20
228 842
972 281
6 948
90 416
453 140
805 999
221 842
203 278
564 782
978 912
498 957
9 459
673 623
607 682
943 50
903 827
105 741
18 282
472 366
256 188
117 151
62 558
671 144
947 292
767 495
327 857
1000 170
169 542
334 821
150 971
445 953
446 114
764 217
124 774
692 219
603 93
676 842
697 544
569 355
515 460
990 960
810 600
91 316
668 92
409 667
806 592
501 915
752 512
126 223
916 741
967 432
993 128
404 388
336 449
479 31
169 223
851 597
177 115
675 460
362 484
566 982
474 535
507 972
203 514
592 232
994 692
44 664
939 800
905 656
434 470
4 215
884 656
152 190
631 62
357 560
233 482
705 670
415 581
680 746
201 28
261 285
437 286
111 928
574 138
958 144
499 150
27 674
321 800
997 798
608 246
537 331
803 327
722 130
116 917
743 390
561 87
211 324
184 883
855 418
119 236
205 951
978 433
938 576
453 243
979 276
300 118
879 316
875 746
793 579
556 231
1 69
330 839
679 859
239 445
14 862
408 634
116 683
683 533
980 910
925 951
396 560
951 908
899 698
425 530
292 609
111 313
520 914
315 704
631 531
501 596
478 5
678 302
154 888
381 989
951 573
628 823
990 93
223 591
39 915
541 2
745 465
872 231
284 672
710 332
983 102
90 646
414 807
73 920
697 951
518 754
829 178
705 793
413 501
418 567
74 760
709 498
610 918
122 486
262 508
740 309
679 260
651 665
945 302
69 547
876 258
518 847
259 512
652 985
524 998
554 940
411 176
285 812
783 449
658 604
736 260
203 600
822 685
100 230
62 121
79 218
339 83
155 183
174 913
411 289
451 780
803 768
389 674
699 505
475 780
594 676
646 446
740 429
777 445
869 116
304 917
104 50
283 725
855 33
33 106
981 577
253 68
76 707
312 322
829 966
314 56
633 478
172 46
484 247
88 582
858 118
714 979
181 264
163 821
16 836
241 533
590 417
789 501
23 431
868 3
268 471
745 562
678 807
720 912
813 426
358 3
146 493
426 310
862 719
517 325
721 359
952 151
460 730
746 940
375 418
855 73
89 891
364 945
905 512
24 235
799 929
211 712
504 318
88 787
433 67
195 836
125 209
313 312
576 632
792 677
499 859
806 768
227 927
856 931
655 839
305 557
666 552
499 678
791 971
954 588
331 358
668 773
171 359
299 369
544 533
525 611
561 768
471 535
310 485
792 835
259 489
353 838
869 672
469 651
744 964
714 739
359 838
613 981
515 376
130 477
258 134
792 573
647 842
775 954
411 951
136 630
926 290
450 212
537 577
866 134
904 38
315 802
444 300
504 586
85 440
28 397
585 333
587 522
804 28
25 772
238 158
889 726
792 731
351 848
635 774
564 733
181 118
451 850
468 92
344 535
109 761
592 750
792 405
520 570
647 617
687 716
338 448
516 644
361 436
83 511
180 130
881 704
384 237
807 871
725 959
446 176
203 988
85 11
373 460
401 68
858 628
992 481
646 676
668 996
523 382
525 78
699 540
474 362
378 118
538 196
399 476
319 269
741 379
797 846
937 510
447 597
621 833
86 672
360 879
152 329
715 490
129 438
261 460
445 401
386 287
688 200
317 757
283 326
782 812
141 551
603 966
456 71
153 53
165 790
114 232
497 240
575 256
372 175
651 358
980 983
879 325
896 794
624 191
386 493
823 619
610 949
772 68
4 238
189 960
120 476
80 961
135 414
85 799
995 365
806 282
14 537
826 985
203 571
956 325
59 227
63 840
745 72
677 972
287 634
735 273
332 658
149 964
336 597
425 849
154 433
621 201
546 911
393 933
176 307
503 333
569 905
569 316
492 226
882 141
311 357
520 301
594 281
867 397
388 421
372 671
836 8
876 658
143 198
329 459
897 486
347 427
352 366
367 932
860 97
151 134
867 977
192 258
467 341
819 232
140 34
565 404
343 549
417 214
283 477
846 802
679 428
641 110
352 531
276 596
869 906
450 701
905 906
818 784
726 649
69 847
114 548
949 645
803 262
894 798
992 236
564 896
829 794
594 820
336 588
228 586
942 337
925 231
690 355
835 771
376 718
141 142
640 686
396 807
398 519
365 357
149 548
421 750
202 455
613 52
408 248
259 827
928 142
926 211
171 187
192 348
493 705
976 514
251 57
797 824
298 433
616 769
362 403
637 468
124 860
416 231
70 286
770 567
669 558
385 83
701 237
684 33
523 953
284 38
486 741
450 986
52 461
344 190
851 328
695 357
772 614
256 218
994 200
351 14
300 601
409 953
913 433
263 836
195 479
50 957
124 788
89 750
687 544
127 98
848 635
438 971
684 689
701 975
593 846
899 810
318 582
653 609
746 5
79 850
508 651
743 131
474 320
146 229
536 176
117 321
169 585
353 495
795 240
540 482
190 81
119 213
323 432
768 798
344 836
825 150
292 287
112 940
295 692
305 114
172 321
956 491
562 249
360 843
823 226
952 580
311 788
772 282
518 217
556 36
426 257
889 495
843 36
450 836
15 954
669 327
860 799
292 60
863 960
594 620
594 258
922 919
211 68
605 488
319 527
195 936
125 65
417 264
71 5
736 42
917 656
180 82
976 78
298 86
998 648
213 281
969 97
237 99
75 264
607 910
360 780
259 20
759 951
261 312
172 312
7 196
784 757
786 649
822 646
610 526
80 803
848 748
297 717
796 415
155 257
529 71
550 138
383 561
938 367
314 728
635 30
619 629
284 218
820 388
813 756
843 550
308 790
58 728
37 772
296 702
389 625
321 272
929 977
469 396
386 590
198 131
143 75
92 463
590 47
147 579
527 931
188 986
541 36
652 476
706 795
928 738
413 960
877 577
163 646
294 36
96 430
332 263
423 13
651 291
184 829
292 670
124 500
911 264
143 361
292 464
702 391
901 348
320 374
411 762
363 921
546 115
136 536
162 530
569 466
953 773
551 289
147 36
621 750
848 119
594 58
354 951
722 592
831 118
120 920
523 852
47 967
48 623
412 192
912 110
876 892
109 394
290 548
758 552
847 539
350 449
353 355
689 156
7 641
672 505
124 983
33 475
567 151
181 702
251 65
539 516
328 378
631 186
775 305
120 705
445 249
230 698
229 642
689 46
984 543
803 101
805 329
292 41
95 658
636 2
876 516
389 978
231 36
875 663
349 215
236 49
697 884
184 801
701 153
258 549
170 118
6 207
280 458
924 819
389 611
675 802
383 718
420 324
629 226
60 246
924 664
373 870
541 35
896 932
860 263
80 764
681 569
18 725
386 922
975 443
261 164
319 423
104 983
184 917
506 49
14 350
456 821
251 311
494 545
79 637
79 936
25 737
997 800
970 176
266 631
818 8
582 49
323 260
949 909
572 115
173 304
880 742
437 55
385 310
295 271
208 964
479 324
449 302
431 754
613 776
766 317
662 432
624 342
127 877
328 113
76 75
719 105
35 86
595 458
651 505
851 907
284 24
140 309
195 623
695 578
63 405
676 553
76 269
44 325
205 676
556 588
939 348
172 511
352 166
608 937
843 463
991 353
149 690
224 930
424 970
867 453
154 24
658 888
411 52
782 496
747 446
978 576
691 199
399 830
515 97
57 185
807 690
169 106
867 594
405 767
778 379
744 722
585 989
729 533
242 602
14 713
679 41
539 161
813 962
137 884
195 863
123 57
51 260
631 142
616 890
125 83
666 535
40 836
165 847
499 562
979 842
111 177
981 946
877 937
858 697
656 940
571 609
145 870
773 966
595 359
525 371
445 970
615 231
301 400
28 909
711 126
342 999
606 933
162 440
78 642
222 914
558 535
686 240
137 122
121 349
636 991
413 615
106 139
395 363
161 919
484 240
453 689
590 601
519 343
775 533
167 967
471 231
758 915
689 757
630 82
653 914
462 247
727 11
487 252
861 199
895 286
364 424
30 909
775 846
924 625
253 74
69 836
990 811
292 538
22 178
261 597
779 597
796 557
563 970
227 661
268 214
30 929
880 433
272 614
419 66
19 892
667 750
169 84
865 741
227 151
62 802
433 788
977 49
392 211
803 383
35 178
589 274
402 700
828 365
267 916
425 883
209 529
635 278
229 131
191 860
929 21
342 791
50 929
880 548
826 183
674 203
294 449
223 421
528 683
425 668
837 909
778 591
374 228
253 536
767 985
290 376
53 908
804 496
954 723
776 100
832 65
203 92
32 303
227 735
392 358
552 533
17 384
435 145
661 29
132 717
370 368
354 877
499 313
318 656
393 831
673 42
638 985
786 779
913 657
399 698
520 114
348 741
60 612
59 724
506 465
334 485
419 260
409 978
239 288
505 454
674 948
948 11
677 499
70 483
899 585
789 810
512 359
150 892
62 185
542 18
653 586
561 819
342 115
825 827
559 933
255 680
736 37
835 356
352 436
734 932
851 283
962 161
598 627
200 632
435 281
76 957
882 533
792 532
406 898
887 249
135 288
523 871
691 530
222 237
66 999
108 674
380 381
145 477
754 322
434 653
268 642
22 430
923 234
373 95
29 973
836 483
305 791
308 105
416 931
952 213
885 748
457 428
411 539
618 230
856 662
870 666
392 802
672 909
727 913
525 857
13 996
968 501
647 866
91 656
592 790
572 751
294 322
475 246
868 931
116 648
281 885
47 526
673 75
69 541
395 262
994 877
457 615
219 535
71 526
628 780
541 496
177 943
50 800
79 724
808 917
706 382
326 220
191 303
174 237
95 551
515 87
593 437
789 3
997 40
389 707
654 665
160 923
813 543
587 363
203 285
73 335
661 257
699 946
4 430
563 953
653 466
820 467
783 644
643 999
625 923
825 866
830 656
761 573
136 973
320 735
726 781
311 243
910 196
434 133
16 552
255 303
772 656
590 443
848 54
556 767
295 277
635 747
62 990
160 547
253 730
531 971
587 38
23 831
19 159
631 137
350 242
77 98
722 345
760 860
559 84
124 185
779 226
254 142
529 948
987 400
949 329
237 741
699 971
720 766
833 637
453 163
635 124
981 403
160 438
74 260
992 948
826 887
900 623
650 774
277 908
764 2
233 432
716 118
124 161
859 843
90 497
254 915
437 145
526 909
976 941
704 151
298 2
770 535
689 264
446 410
411 148
547 355
362 970
845 133
811 448
647 403
116 967
520 390
672 996
967 630
270 418
469 881
808 602
257 959
292 989
629 281
847 342
477 455
499 764
759 63
760 282
646 690
709 114
946 5
485 391
493 379
472 538
695 73
474 383
662 969
789 703
595 640
275 316
271 388
874 291
964 459
86 446
896 641
52 762
457 366
187 597
294 651
353 333
44 391
464 200
669 791
87 960
255 535
740 530
111 100
685 748
494 393
42 246
117 594
775 215
635 598
139 507
817 18
121 816
674 38
17 316
908 552
583 482
991 48
789 29
284 852
413 888
88 300
270 739
137 14
881 379
146 235
755 350
319 643
405 345
207 502
389 407
559 440
137 33
412 682
52 229
713 291
418 724
899 757
37 430
167 830
876 996
315 68
703 151
503 56
154 647
856 20
323 4
622 488
142 957
469 979
515 888
476 863
114 131
645 485
773 560
25 95
834 648
981 599
283 300
66 596
984 463
669 917
14 123
489 701
398 279
70 114
619 726
451 487
223 67
703 958
595 545
745 742
646 433
247 274
329 609
174 491
655 502
713 347
362 779
589 3
954 935
349 84
954 218
171 291
833 36
889 199
62 875
913 231
711 63
401 794
440 788
701 229
499 949
390 836
779 746
814 554
174 863
146 673
793 54
411 471
505 151
469 482
949 316
327 557
594 909
703 237
908 784
854 139
703 712
947 202
556 804
592 273
111 812
590 252
96 949
577 908
372 312
420 600
28 170
564 20
529 545
894 413
713 409
588 946
328 627
129 614
876 835
116 773
407 717
763 116
301 917
14 480
803 431
139 819
792 240
608 213
17 460
238 766
847 480
85 746
923 5
63 720
392 554
482 737
980 352
429 422
958 536
792 40
897 892
146 232
437 721
497 752
344 708
981 85
813 448
137 935
444 549
546 605
525 991
33 630
68 838
701 928
770 808
75 105
572 809
826 653
466 550
997 646
671 55
356 931
177 311
970 278
697 694
419 462
591 391
866 199
645 649
522 421
313 361
150 919
137 84
120 894
284 413
196 303
395 329
162 516
234 780
308 11
476 482
520 637
406 936
775 170
796 410
137 274
304 325
727 678
817 827
431 912
444 551
981 926
570 597
866 41
371 527
25 50
703 275
136 672
435 857
428 422
319 538
275 139
819 600
587 314
456 733
844 427
844 624
996 906
848 814
405 626
389 1000
777 570
692 215
840 248
305 228
884 400
473 420
405 857
682 429
920 176
594 59
775 473
779 640
834 352
637 588
389 255
993 945
565 496
624 916
292 372
293 322
129 737
850 506
405 494
9 448
389 831
520 977
858 826
652 361
624 893
365 176
494 123
96 422
24 131
25 200
369 552
691 781
964 421
216 577
470 224
435 62
474 690
697 741
419 674
922 978
450 656
615 812
564 895
448 548
40 226
127 347
220 910
522 992
522 573
95 417
410 665
527 337
819 648
911 54
344 552
762 449
857 13
755 432
370 536
352 115
189 895
668 265
213 548
997 467
191 827
949 959
594 200
492 720
239 270
600 212
60 102
480 988
45 65
14 178
155 350
804 936
459 827
37 274
469 39
539 397
80 97
104 913
593 501
706 579
603 805
340 325
620 586
841 248
513 843
878 87
518 497
628 656
681 986
220 53
613 287
79 88
703 487
210 985
652 128
139 648
286 969
513 49
776 977
74 530
381 758
419 63
215 550
165 527
521 209
152 87
882 88
524 573
961 893
862 459
636 569
809 581
839 707
589 684
828 139
7 493
818 612
874 18
506 8
569 960
967 133
753 502
116 968
655 353
496 46
994 293
208 626
210 833
172 904
229 446
530 630
160 501
362 132
949 64
988 957
943 102
575 721
189 118
508 933
980 732
525 594
12 944
487 316
396 906
405 561
898 945
506 324
587 353
578 976
406 505
194 190
444 593
799 626
606 44
601 936
450 776
970 91
288 536
895 272
915 274
109 592
654 280
839 982
208 330
332 159
168 968
387 476
559 18
580 312
374 235
980 498
855 600
640 34
17 260
698 754
763 201
296 898
947 846
557 483
720 461
706 597
104 85
858 553
396 485
472 14
241 982
124 659
423 790
605 733
889 553
591 731
340 887
711 105
825 477
678 221
899 717
916 757
166 842
903 696
867 683
220 694
751 74
962 723
587 149
879 51
147 362
898 718
27 838
168 634
956 499
614 686
776 889
190 268
337 808
100 52
690 291
124 16
587 479
881 254
270 257
682 505
431 264
478 92
336 224
141 735
603 767
857 552
518 206
925 463
419 408
629 142
756 407
684 404
479 552
67 170
890 247
963 810
233 355
13 218
161 408
677 179
736 721
346 808
457 464
575 925
493 530
539 190
315 389
120 630
857 502
907 268
323 828
106 2
361 810
52 567
703 85
517 581
167 83
847 163
497 280
47 650
654 871
732 97
678 600
703 716
555 175
777 889
941 950
664 105
483 757
681 131
453 736
96 716
713 566
419 385
828 547
777 567
24 200
999 944
174 224
468 659
15 659
732 391
822 985
294 51
239 700
260 103
577 547
699 150
411 312
766 532
6 550
470 175
180 190
418 897
951 105
679 164
37 38
259 297
991 888
686 488
300 93
117 379
543 821
674 123
194 373
141 192
704 490
826 859
292 838
628 634
775 972
266 47
872 619
787 45
563 356
563 987
506 738
198 185
793 683
881 310
438 87
899 870
186 560
885 204
722 542
542 888
651 742
709 579
390 355
655 246
752 912
610 708
589 978
243 379
871 118
869 19
635 240
456 577
708 620
123 452
991 617
750 821
823 683
489 786
436 303
277 408
922 943
337 306
979 873
374 696
564 35
688 614
568 38
859 178
436 97
475 198
23 334
689 998
192 842
300 491
361 837
910 649
784 408
321 514
110 893
918 2
73 229
177 604
171 350
447 523
817 288
730 707
695 590
513 420
566 430
747 306
916 92
992 133
352 842
403 310
841 565
939 751
635 578
687 5
669 538
398 249
854 85
305 783
470 185
398 560
899 13
509 475
168 598
612 312
541 188
941 528
755 219
671 443
751 911
583 325
344 397
14 576
328 455
469 529
310 343
524 579
635 928
706 944
108 45
102 940
474 285
771 257
455 871
556 179
437 397
351 396
4 357
155 842
678 738
924 289
472 296
23 459
584 753
180 455
911 110
257 115
382 935
788 430
292 374
42 712
332 495
775 224
845 200
133 232
709 187
241 826
787 485
165 788
829 887
245 815
518 459
299 440
997 161
710 645
72 612
388 84
646 230
402 101
957 649
478 969
120 880
299 924
578 781
68 496
233 10
947 399
669 475
126 138
668 776
311 577
701 217
865 767
334 343
890 940
245 883
853 569
195 66
88 8
356 486
949 288
114 394
652 884
576 696
386 939
497 417
78 269
385 361
616 169
129 842
301 316
230 55
236 659
360 999
358 204
290 293
951 77
766 264
497 676
754 430
672 273
25 560
445 50
764 766
945 725
30 291
362 333
715 188
603 554
679 473
738 749
667 683
797 536
562 114
259 153
545 989
778 642
681 667
986 12
823 377
328 793
37 420
789 559
320 601
760 327
153 159
522 357
375 488
876 946
181 863
270 41
974 693
792 929
152 587
246 906
669 954
938 76
283 925
624 80
382 800
724 901
202 394
205 149
666 346
584 264
10 417
929 77
732 91
471 795
860 609
331 755
152 255
117 371
80 945
687 827
689 424
121 171
836 41
930 808
96 300
847 124
25 429
500 614
321 743
451 816
620 842
415 661
876 937
474 237
808 51
675 547
165 958
727 687
23 48
740 550
820 475
709 456
639 741
568 725
811 531
858 802
419 649
538 996
734 820
44 157
628 265
876 36
653 501
984 383
712 324
939 146
823 478
20 982
848 388
423 838
753 232
434 182
339 229
395 704
305 21
216 35
416 240
563 934
951 442
888 438
419 592
899 556
167 822
739 21
461 429
671 39
601 432
846 604
198 605
362 554
950 443
970 656
390 176
863 325
829 725
619 737
321 617
621 584
531 672
72 198
431 945
148 750
186 82
848 817
280 915
262 231
736 888
266 234
703 957
1 494
838 97
52 244
35 276
716 870
140 311
58 735
848 153
416 576
25 833
328 34
469 268
291 483
60 725
990 545
803 977
438 343
441 241
629 576
704 244
668 317
52 914
670 343
51 293
566 969
589 647
516 182
991 340
187 159
154 403
924 198
484 459
100 246
