1000 9895
121 970
525 790
534 556
584 317
587 590
377 775
994 580
418 540
181 770
420 718
648 937
26 837
958 74
119 90
503 187
562 490
548 958
878 413
695 825
611 290
994 678
734 837
562 994
853 225
537 565
189 249
464 536
419 858
213 243
765 934
142 177
882 706
888 891
924 483
505 173
394 910
677 149
805 416
623 681
256 931
187 649
792 789
210 554
598 377
322 700
495 703
403 805
44 677
853 293
175 265
732 602
117 26
390 584
282 65
712 534
505 376
452 785
539 739
413 666
560 553
851 26
10 454
687 384
512 908
729 698
750 780
16 827
558 800
625 889
55 122
537 495
121 426
769 140
953 607
129 109
188 712
10 312
140 683
987 559
755 980
59 861
843 431
508 220
402 593
426 347
46 948
841 620
206 702
688 137
604 789
698 350
318 423
215 805
471 671
420 659
612 399
997 371
85 265
481 515
638 639
513 764
665 937
388 64
579 879
337 616
484 745
748 590
507 856
289 397
255 558
769 923
312 858
866 385
4 112
901 79
815 328
504 454
288 195
697 361
598 187
216 101
35 747
790 521
98 89
541 473
669 644
766 920
166 390
499 615
307 764
946 154
782 844
112 244
120 735
27 893
391 500
164 573
486 818
213 602
316 955
126 277
715 296
883 698
115 548
652 223
528 341
841 146
292 222
171 935
407 767
728 828
359 230
235 284
418 788
867 723
282 327
11 911
513 449
328 25
71 835
629 885
685 195
615 134
283 851
750 923
880 693
68 59
978 8
958 740
279 775
195 216
737 397
538 854
299 182
218 638
452 344
147 266
802 826
940 181
175 812
233 847
786 719
713 629
879 64
129 900
871 732
413 452
855 361
750 471
273 561
915 894
160 262
377 901
854 369
972 320
547 587
679 126
151 545
686 898
181 890
147 966
721 349
575 398
675 226
137 252
861 637
969 948
237 324
516 72
611 459
316 821
942 609
943 392
156 814
145 59
553 326
257 641
772 224
477 870
539 279
244 535
683 553
814 415
778 849
28 272
162 798
640 914
899 255
793 608
421 367
773 730
541 558
622 555
308 951
566 781
938 554
558 787
615 742
871 376
175 449
32 561
783 646
753 537
383 418
187 415
98 718
745 665
396 385
956 329
816 508
500 125
27 615
430 864
139 685
253 771
115 862
634 718
659 775
435 891
396 877
296 531
315 273
278 647
229 379
340 964
381 16
974 170
81 188
64 54
300 474
746 166
195 180
949 963
552 627
607 919
668 877
688 115
92 743
980 763
930 16
495 510
707 190
247 361
360 19
543 733
357 330
522 984
427 276
338 355
916 304
241 114
522 939
890 609
726 219
708 562
527 414
830 101
123 483
750 188
53 404
991 50
575 307
668 247
29 67
709 781
213 222
653 758
984 179
602 750
344 18
786 409
147 561
667 422
601 430
715 710
397 137
608 412
60 69
466 364
230 669
435 411
331 538
4 396
848 743
451 593
982 991
107 499
273 421
439 464
980 244
361 380
951 437
59 229
41 530
81 621
281 35
410 377
13 719
755 733
737 122
250 515
519 742
477 447
851 334
817 2
853 836
489 81
755 842
976 621
686 284
375 613
504 370
698 246
384 114
957 855
358 773
357 59
675 154
414 178
482 565
607 907
372 472
786 644
159 410
396 888
56 921
698 456
772 951
519 170
722 306
172 791
290 326
897 342
275 486
367 852
357 366
703 179
494 329
243 587
906 287
177 841
414 526
181 769
238 850
275 196
259 587
948 37
181 858
213 419
476 806
717 800
21 793
317 399
894 220
245 722
704 861
161 686
347 711
369 771
80 442
579 912
395 665
216 138
70 805
184 488
147 732
184 151
961 240
502 144
430 365
1 851
60 250
174 886
356 893
307 275
486 185
83 312
822 989
804 376
571 607
455 520
757 184
443 960
886 468
31 841
314 863
929 707
761 46
233 389
895 415
700 159
478 725
651 453
615 12
173 121
49 43
107 765
54 772
900 532
441 449
816 275
210 254
854 831
869 606
452 71
369 893
594 152
99 778
764 356
381 216
206 925
599 862
124 898
340 867
716 538
879 446
989 522
557 198
190 433
281 635
319 23
485 251
659 394
412 366
82 633
428 397
944 75
593 3
578 761
669 174
844 148
954 115
542 471
618 633
48 605
615 293
753 214
981 974
708 522
30 538
658 355
17 361
995 254
247 149
484 633
213 37
416 777
199 22
679 264
94 248
538 863
522 581
848 923
196 959
433 475
565 466
511 102
238 682
356 785
875 259
306 353
508 1000
970 21
975 621
676 415
265 807
909 118
956 55
499 644
81 675
625 570
336 469
188 792
616 835
230 391
37 937
839 539
552 491
880 968
58 380
107 867
296 681
480 454
353 840
262 386
102 77
861 400
123 617
542 597
229 326
68 196
291 383
64 931
964 30
767 939
132 712
208 350
119 552
746 210
214 452
967 766
619 119
325 216
447 771
919 222
295 189
217 593
660 85
369 318
603 451
64 483
599 64
11 475
858 202
363 792
128 349
259 997
981 640
838 779
411 460
488 299
159 880
787 443
184 100
899 345
705 710
868 54
997 406
178 638
363 582
132 147
264 107
363 471
454 802
476 750
817 978
431 118
695 913
277 860
888 837
260 142
961 15
675 873
553 253
143 723
827 674
390 868
725 207
583 33
404 536
348 758
918 334
153 960
473 347
153 824
744 583
223 352
656 172
514 475
18 746
939 894
597 886
101 754
732 515
258 12
386 249
978 383
870 945
660 918
418 710
180 359
280 667
292 168
462 135
706 801
410 354
879 562
898 207
945 367
633 156
286 352
469 950
58 387
132 910
95 436
904 554
23 579
283 830
747 501
797 11
491 691
628 16
282 582
82 396
162 20
128 108
607 918
719 744
134 86
450 283
968 196
362 575
627 73
241 390
713 772
595 935
355 650
795 563
570 235
584 717
884 463
560 397
172 963
786 579
695 561
649 329
388 251
6 318
264 809
172 594
621 381
401 368
721 303
207 812
354 432
708 563
929 954
434 504
968 640
459 23
186 837
482 492
389 864
448 292
800 969
996 752
70 687
716 117
649 180
216 175
363 320
716 196
294 822
649 773
579 580
174 744
511 937
23 477
414 435
984 35
876 17
861 995
919 393
4 510
478 333
207 273
156 721
487 1
473 595
607 272
130 436
648 297
499 719
430 163
838 108
608 573
992 860
663 115
93 940
878 768
828 417
847 71
836 980
714 605
417 546
624 390
387 586
427 649
300 153
263 39
840 382
771 976
828 647
43 441
250 859
567 106
492 960
384 115
183 381
3 651
98 791
51 963
270 611
275 267
862 845
872 717
524 160
564 853
392 444
447 158
837 514
108 918
220 516
242 76
506 131
337 864
319 976
986 127
90 40
532 199
132 764
418 483
720 175
817 205
77 798
196 884
768 341
189 277
796 189
621 498
753 186
955 918
904 132
977 562
84 428
333 72
17 285
952 144
294 963
888 782
191 601
472 53
327 137
844 309
8 183
446 617
50 468
218 712
822 803
804 746
550 498
398 639
96 319
810 391
518 860
10 787
981 478
35 444
421 695
79 943
743 372
173 447
503 799
714 856
143 862
982 875
343 731
341 531
810 840
984 635
767 848
326 542
898 183
441 66
376 235
818 510
680 483
37 682
982 548
577 877
64 600
410 636
964 59
345 653
570 478
187 751
81 251
393 775
586 580
717 435
760 670
711 673
199 461
228 35
726 294
160 835
364 675
70 88
809 570
608 893
881 663
272 953
899 713
707 790
351 52
725 359
873 588
655 12
967 238
973 601
540 860
960 802
123 426
839 432
566 744
860 973
498 650
227 472
445 934
486 583
749 595
156 319
776 201
316 130
711 11
402 471
313 848
978 630
153 584
733 273
58 539
165 709
136 981
448 839
844 797
978 299
870 869
562 42
581 222
280 601
720 836
953 671
185 517
112 547
956 278
922 226
745 477
602 614
28 865
106 1
604 256
112 690
832 667
157 488
675 119
806 991
257 434
633 481
564 805
134 455
431 878
893 943
641 468
897 66
937 941
771 697
958 629
756 938
465 64
232 341
930 10
345 538
570 101
703 109
720 442
738 815
133 801
838 193
251 832
694 962
542 22
730 798
413 450
308 168
756 558
704 897
13 685
177 775
159 883
825 115
330 563
647 734
726 189
817 759
485 577
20 442
259 642
575 392
838 554
621 442
804 878
685 705
324 848
660 650
256 720
166 119
276 659
995 29
243 977
407 232
847 861
515 755
183 513
476 525
97 960
304 742
378 987
363 133
992 595
740 525
154 424
273 567
454 495
681 441
679 738
210 643
156 637
361 757
415 464
843 413
183 852
455 485
310 960
642 826
452 875
810 244
455 864
370 716
847 98
577 988
443 120
851 103
444 407
136 832
121 262
28 726
175 545
489 234
842 302
360 532
906 707
955 114
741 653
10 367
71 950
864 200
2 731
500 652
514 784
34 232
187 965
793 365
715 177
834 515
229 91
32 53
217 515
732 358
366 156
59 756
388 966
636 266
102 682
247 139
966 835
829 909
264 859
531 767
151 726
869 493
556 745
425 377
632 639
160 250
568 231
894 771
934 5
764 362
749 506
52 862
199 985
956 692
247 973
935 390
947 43
587 112
610 819
972 430
539 245
887 285
691 46
738 111
389 259
11 525
377 61
784 779
418 521
550 294
460 888
11 602
856 141
426 338
239 528
379 291
685 470
744 489
524 980
671 647
818 249
126 162
898 33
700 245
205 561
997 597
196 436
148 439
131 547
334 478
228 613
176 904
942 305
361 412
548 176
76 689
521 772
43 440
673 577
693 526
44 709
713 320
915 764
879 311
534 342
257 506
538 797
542 829
185 9
621 796
983 213
750 704
73 626
129 800
770 894
837 624
255 16
111 170
637 195
611 776
811 234
777 814
831 231
600 923
323 276
234 761
695 532
510 842
848 117
795 670
445 793
545 75
817 686
373 567
797 213
125 738
162 135
731 718
606 494
159 736
188 323
787 331
905 317
760 408
819 163
986 944
365 469
520 68
758 340
833 3
688 778
908 987
1000 524
565 508
67 976
687 73
670 793
291 245
378 787
622 630
715 432
537 944
790 322
295 992
443 853
892 889
211 241
672 365
935 30
911 884
128 715
878 847
356 146
121 220
231 35
970 977
787 765
58 759
629 540
466 112
323 177
325 443
805 993
419 58
93 911
149 909
791 306
150 190
832 769
651 455
343 331
326 543
42 818
371 130
23 533
823 114
718 348
663 741
777 654
840 234
893 565
534 370
24 503
760 458
158 6
50 695
716 532
699 814
39 992
741 423
869 242
229 147
145 579
589 243
661 230
369 272
242 30
557 341
301 663
656 938
789 642
204 422
243 440
668 484
125 353
543 548
216 475
165 555
125 533
473 44
575 407
96 814
341 109
476 772
442 916
424 375
485 649
282 637
412 456
622 833
770 726
734 671
146 156
8 197
83 523
355 238
835 536
52 790
832 861
847 597
294 895
524 600
819 44
416 745
38 368
666 697
813 566
373 79
673 238
54 932
710 326
396 186
258 183
559 39
636 698
841 262
572 146
905 789
339 49
197 51
144 65
282 467
238 924
505 650
785 456
842 267
880 970
383 745
222 553
920 602
84 714
909 935
438 65
404 209
984 978
135 35
393 576
315 359
758 649
621 851
345 744
436 721
418 100
845 779
793 144
116 889
70 894
686 453
210 141
263 413
655 943
566 30
437 90
149 470
280 283
246 986
212 862
911 326
345 315
422 401
540 620
635 918
483 133
764 242
342 88
920 858
208 924
726 178
658 306
169 775
298 165
407 261
194 498
86 204
408 88
763 40
433 539
640 631
863 29
494 720
522 615
464 995
654 88
291 530
143 733
424 113
957 57
26 461
964 991
74 497
596 350
320 81
28 386
362 308
614 590
801 887
199 568
26 380
667 874
482 620
410 241
896 648
382 237
22 450
245 315
249 824
837 71
41 139
137 901
615 86
393 531
891 754
490 197
296 534
279 695
564 907
470 626
881 825
953 404
590 931
186 45
370 318
632 85
261 445
431 781
784 394
521 713
849 180
498 474
190 508
450 281
626 990
366 157
900 758
479 902
81 83
208 90
907 690
533 340
203 849
42 465
777 130
427 265
888 657
368 751
80 179
390 897
816 583
574 898
705 849
999 659
798 714
791 647
226 999
373 884
13 771
397 420
182 922
806 64
293 19
866 311
192 938
355 294
322 549
929 523
144 973
752 178
606 301
878 598
494 863
117 480
559 249
445 297
677 78
516 204
520 966
540 218
482 814
301 298
658 877
128 736
303 805
235 187
737 925
81 721
984 754
641 599
989 35
63 726
905 958
231 796
287 168
897 894
989 144
314 920
222 914
903 320
7 399
980 469
728 614
69 916
243 555
92 21
76 690
392 753
710 741
845 834
354 959
285 267
37 918
167 811
924 742
953 146
175 709
974 312
911 235
787 279
384 770
711 415
741 100
786 933
933 594
937 535
95 827
833 454
566 480
273 655
460 251
777 15
743 972
670 322
484 753
985 428
159 987
530 265
186 871
631 187
762 710
815 432
506 504
696 40
18 108
56 327
679 353
481 718
722 772
255 892
445 107
403 587
922 601
134 809
411 212
112 125
627 814
832 326
64 240
909 510
527 947
201 825
883 821
466 169
525 174
273 990
766 578
892 777
417 881
514 385
515 363
914 487
37 276
884 649
940 619
154 16
376 459
196 651
514 304
71 565
284 875
59 149
166 715
885 225
667 850
174 198
857 576
641 691
219 939
978 51
974 809
576 488
690 416
125 415
234 100
767 850
21 194
963 551
306 552
789 205
359 118
79 279
884 77
81 872
689 105
750 626
271 703
703 664
25 801
758 733
889 546
138 64
584 566
486 432
367 151
133 715
6 75
483 394
641 232
241 332
629 721
356 107
102 627
750 319
734 832
825 996
226 619
393 112
13 647
579 599
13 625
4 862
813 78
389 132
588 140
682 741
259 680
597 426
778 756
156 32
587 332
543 837
89 108
71 68
592 373
743 726
249 374
154 126
648 766
448 12
191 716
964 972
537 994
300 648
959 715
732 651
217 498
625 477
240 829
923 138
227 521
447 856
197 417
110 898
92 665
239 775
615 847
942 5
67 973
542 183
13 271
475 432
239 587
719 221
277 362
657 260
980 414
837 499
989 216
901 854
443 316
318 952
48 140
932 360
1 26
993 910
858 516
90 938
147 417
646 837
525 632
110 280
300 272
229 182
46 980
68 884
930 123
660 80
762 390
449 379
697 205
313 212
96 708
777 869
928 503
602 210
147 93
5 7
902 799
62 72
40 39
285 823
217 993
971 312
645 55
627 474
9 941
800 928
865 654
134 727
996 987
764 320
217 131
827 695
695 914
766 640
540 977
333 877
743 762
982 378
895 911
990 913
79 722
305 689
325 830
677 169
952 936
611 173
195 595
585 970
72 531
773 599
687 241
908 194
71 620
790 250
597 740
889 59
929 807
508 749
82 979
220 217
477 294
850 320
475 269
921 155
957 621
29 622
323 849
179 725
788 749
126 178
441 510
831 521
624 27
797 617
927 250
950 137
827 446
42 922
203 813
998 133
581 867
340 823
487 896
772 840
940 6
579 350
33 294
289 924
932 610
965 982
851 530
798 15
450 137
644 570
842 883
522 117
336 32
138 592
416 136
90 83
454 720
509 539
593 72
542 387
1000 86
782 434
929 974
398 443
40 691
275 172
403 483
242 265
913 466
34 541
950 535
991 169
523 579
619 758
303 235
658 422
967 176
899 912
645 188
652 712
501 302
928 96
748 801
960 543
288 271
880 361
244 704
373 996
222 27
414 747
706 348
763 277
107 201
491 54
131 105
338 415
466 360
883 713
899 108
115 627
350 270
942 466
121 198
109 204
395 829
182 455
311 225
387 657
516 678
984 755
194 683
580 589
896 516
235 472
788 530
185 579
721 529
149 984
135 213
780 142
806 906
491 515
555 662
594 862
885 479
546 463
193 925
983 870
840 240
146 140
382 379
646 882
10 144
177 641
90 866
721 844
295 241
431 913
837 638
399 183
24 187
794 931
209 129
581 633
507 484
894 752
751 73
823 556
911 888
61 517
280 340
100 125
545 472
603 78
293 754
756 608
333 753
246 690
639 953
12 906
159 821
290 548
221 880
76 85
999 628
562 780
392 108
781 750
88 699
397 741
716 5
352 880
540 891
835 401
199 46
701 296
248 688
843 27
181 592
596 433
668 70
563 168
318 667
196 839
438 652
294 672
334 973
64 241
857 820
841 415
809 185
830 577
839 781
698 739
202 466
25 379
690 127
334 982
468 369
260 989
718 529
211 465
84 833
12 38
654 589
533 900
326 898
954 427
862 720
719 105
776 763
119 909
634 659
410 345
799 193
676 924
948 985
867 779
500 800
836 858
598 937
287 898
456 134
555 754
500 855
328 960
203 732
366 888
902 500
44 4
851 492
684 669
907 398
617 46
819 842
94 902
295 149
405 949
599 971
552 954
4 569
940 349
581 605
967 564
971 561
157 984
186 695
137 489
982 147
470 103
582 817
493 975
97 200
649 23
692 403
270 41
364 956
826 729
666 882
854 187
469 151
696 197
113 341
506 672
577 198
544 9
821 979
970 319
698 383
965 983
297 175
296 391
35 639
93 301
240 943
98 453
5 631
601 490
89 702
868 931
398 606
884 639
425 543
459 540
818 93
835 969
434 850
309 870
164 63
218 848
59 323
866 945
633 938
885 276
301 19
254 13
790 57
444 637
562 184
926 681
3 550
776 870
707 538
357 157
50 631
253 92
15 11
724 523
85 771
251 615
488 851
278 940
76 586
633 421
119 548
599 894
397 792
489 335
366 135
719 641
814 623
280 758
896 8
950 383
474 44
294 499
798 931
34 788
54 467
864 619
333 296
360 218
470 387
164 810
915 242
330 574
368 709
590 432
70 564
436 134
132 159
170 470
299 646
534 237
161 761
927 411
611 353
77 517
703 337
516 517
869 680
254 523
644 129
95 161
283 951
827 678
471 389
287 480
494 816
598 442
857 876
532 796
369 698
761 136
279 269
374 693
136 932
838 4
269 823
951 319
455 972
404 546
727 574
634 489
597 739
908 82
692 57
297 583
192 443
756 171
372 188
871 170
429 467
966 762
715 902
811 711
854 891
410 512
503 137
951 227
479 738
15 588
73 603
755 915
537 196
975 670
686 487
466 634
985 922
701 687
896 101
882 306
403 151
646 945
741 509
552 704
267 964
307 563
51 981
437 731
247 277
727 47
603 101
787 362
381 623
234 194
16 979
977 808
9 238
318 96
308 62
241 117
66 120
468 708
566 437
164 733
627 649
386 627
648 14
194 468
341 35
644 214
347 766
22 582
575 318
687 848
355 219
643 406
626 322
134 835
504 622
624 879
342 550
975 648
124 311
999 960
323 871
715 393
74 19
531 347
26 350
943 137
714 195
163 347
667 219
26 193
231 56
892 854
513 97
867 560
102 303
840 388
664 754
93 936
684 525
510 577
658 668
36 280
935 924
58 304
16 668
172 456
429 311
418 968
440 624
775 900
525 733
361 18
548 258
200 144
372 438
29 659
301 602
664 174
404 489
65 679
617 114
357 439
407 998
414 198
487 820
20 57
683 267
629 763
777 962
544 947
518 838
636 297
360 116
752 822
643 233
200 477
497 141
399 28
281 700
66 442
161 470
824 274
293 753
441 838
578 257
869 270
394 628
640 356
790 938
458 387
373 564
375 458
17 640
117 575
173 893
397 373
753 15
430 139
402 205
815 291
321 955
412 278
216 143
538 400
429 949
965 515
692 845
566 802
809 47
717 654
611 151
758 474
335 319
364 285
862 36
4 478
743 483
619 785
446 847
88 359
865 369
740 878
888 718
961 902
230 269
451 560
178 424
785 336
608 733
625 529
843 422
480 124
426 894
79 88
335 194
762 346
69 18
417 593
913 692
455 805
923 639
55 112
176 951
306 550
309 709
455 203
516 885
941 187
850 43
373 59
319 316
945 965
90 980
841 820
604 592
573 725
243 238
188 693
428 356
175 937
552 560
517 706
510 568
738 775
764 779
391 641
533 424
517 595
389 480
525 820
492 375
345 476
787 309
733 689
989 175
773 266
647 353
116 693
564 385
901 470
78 617
173 959
501 594
105 589
364 814
241 61
783 100
13 615
40 539
627 577
921 950
463 571
194 284
181 514
679 263
791 713
169 202
5 340
43 545
737 116
398 829
597 123
429 921
914 295
911 343
141 118
217 496
435 425
758 81
27 883
429 302
631 149
553 159
314 653
583 495
72 983
75 732
181 445
279 462
582 173
675 285
324 181
966 268
533 935
865 127
275 568
153 43
430 953
141 570
415 175
219 806
917 425
224 912
921 46
614 237
318 958
339 385
26 612
570 271
456 163
158 982
669 782
841 720
386 678
977 400
6 154
557 13
236 882
310 812
348 407
42 710
974 455
668 694
855 551
561 802
708 151
180 328
608 259
882 158
102 541
379 248
584 181
281 884
490 626
950 670
534 857
574 794
251 19
648 871
776 950
631 204
902 940
688 536
962 565
180 140
810 7
60 490
612 143
207 629
84 480
449 165
2 467
147 682
207 538
136 441
209 805
213 181
714 970
643 458
386 801
1000 583
515 772
572 339
165 899
13 79
896 877
771 63
934 985
168 8
351 633
874 406
213 632
14 587
309 889
461 526
334 292
528 439
144 416
131 318
168 294
426 822
137 825
672 630
234 43
54 854
789 289
277 253
764 655
603 523
529 940
641 362
58 396
496 881
427 817
798 448
813 522
968 491
823 951
491 694
202 943
441 365
303 893
888 194
872 583
798 339
214 394
215 167
931 334
534 313
556 161
209 10
210 485
68 987
333 835
793 482
150 673
68 874
437 443
935 396
953 73
557 410
851 645
356 45
736 633
51 569
553 863
436 69
879 211
48 581
468 598
711 506
768 334
4 784
605 900
986 134
175 311
26 667
397 336
810 251
167 426
504 173
355 218
216 180
109 855
916 899
421 43
902 682
140 389
985 224
434 166
606 272
218 753
93 483
733 324
562 682
869 830
800 283
303 952
110 23
102 450
18 715
19 734
533 765
183 948
790 132
120 908
597 646
926 964
692 686
719 72
275 850
920 878
903 300
473 406
528 34
214 837
158 464
966 340
624 443
310 424
662 61
115 768
904 573
43 871
873 364
637 667
533 832
242 645
127 574
534 362
239 208
422 528
762 532
261 414
33 343
125 201
487 934
538 197
475 934
591 284
159 51
928 740
977 438
989 593
480 975
372 597
414 311
671 485
927 911
750 294
860 418
977 250
466 641
33 34
18 310
682 849
42 432
10 455
786 865
881 503
519 656
132 193
66 93
344 295
643 727
810 76
459 54
80 289
613 665
706 109
503 289
948 210
668 209
376 812
795 981
507 915
754 432
94 145
847 637
593 630
688 782
787 946
190 535
144 187
951 101
22 882
847 659
294 561
563 72
500 804
326 230
771 119
75 930
409 218
852 106
737 958
944 752
373 427
784 152
540 903
132 358
898 176
855 611
707 544
567 212
163 178
625 22
82 446
814 887
211 670
929 479
413 806
327 992
129 151
516 773
738 661
637 385
360 435
141 840
200 284
608 137
256 30
851 607
46 959
968 769
642 606
882 379
590 184
739 734
451 66
711 133
564 531
750 450
299 510
526 156
470 101
109 475
290 727
242 252
854 479
199 238
826 628
366 293
102 889
467 590
378 383
51 271
531 25
753 89
184 172
442 912
223 117
278 556
191 491
714 580
507 974
481 751
333 838
924 431
753 845
696 182
326 401
423 144
627 926
316 159
192 917
160 371
986 515
93 299
57 749
847 710
670 889
586 380
383 38
610 102
999 152
692 576
380 318
934 525
314 650
187 392
491 798
20 600
862 291
693 831
395 212
732 859
749 915
755 746
956 275
426 738
149 366
120 51
914 366
746 939
377 116
738 599
611 735
387 905
263 106
451 218
940 910
617 815
170 349
584 160
267 252
803 414
822 110
310 178
438 359
594 9
384 892
484 225
86 661
941 733
453 682
441 50
793 261
765 449
756 644
977 177
55 532
986 385
952 330
388 781
69 960
397 585
109 447
612 426
388 156
894 1000
990 747
682 184
497 438
860 831
722 824
869 395
696 227
381 909
277 870
958 359
174 726
122 15
674 678
605 754
435 230
199 897
537 850
153 601
389 118
563 226
415 697
311 504
222 205
96 730
762 78
959 744
200 574
676 274
400 29
740 869
390 632
248 311
232 988
529 240
93 209
19 818
163 463
743 187
33 782
675 683
213 744
732 904
542 665
806 831
343 670
144 304
625 681
310 461
125 577
263 57
384 254
353 735
283 820
859 725
590 935
58 124
719 833
171 311
667 682
979 748
885 209
585 357
343 109
399 303
793 368
155 859
851 422
693 471
90 828
56 900
792 337
604 564
578 537
775 209
851 535
925 228
599 909
711 727
379 278
252 24
76 334
48 423
426 173
707 52
341 862
489 587
474 177
772 760
989 878
15 88
631 397
872 280
82 970
138 968
88 563
30 698
20 500
65 773
820 147
471 973
593 367
780 213
598 24
895 590
201 598
186 830
769 782
284 199
786 172
734 347
971 7
990 993
538 70
812 813
361 809
307 399
643 297
239 968
75 859
717 744
304 647
891 733
582 459
625 265
348 720
569 806
601 288
89 756
291 784
643 199
4 395
528 261
891 571
984 327
365 816
187 432
597 645
168 259
384 216
361 100
616 897
103 205
894 168
897 882
183 85
791 410
225 327
372 146
724 879
84 526
159 220
330 835
794 285
437 941
999 356
861 323
129 138
59 841
371 971
50 652
345 548
534 730
2 555
24 15
996 333
766 115
524 484
506 977
328 645
829 827
646 915
962 476
678 47
132 428
151 640
281 642
692 356
30 263
436 90
254 737
717 247
664 509
648 962
21 576
850 536
467 708
801 36
251 109
52 106
218 158
809 593
807 970
582 460
674 677
109 24
881 71
752 141
42 211
778 687
953 508
930 610
365 319
39 642
820 308
925 701
32 180
439 549
647 848
566 800
757 879
739 428
942 275
910 151
999 998
981 375
469 579
491 23
279 469
672 462
351 547
135 630
839 782
491 164
383 402
221 467
178 187
850 485
558 850
728 953
488 702
527 605
898 111
644 671
115 961
886 350
248 222
525 959
879 515
241 939
849 564
850 263
867 703
462 193
641 288
549 407
183 185
810 965
909 527
222 273
61 238
516 887
977 281
81 876
758 678
814 884
747 435
789 58
718 208
997 935
33 370
380 943
86 789
924 717
684 55
650 483
765 60
363 932
608 377
440 475
918 752
280 260
669 310
946 925
284 724
232 29
289 202
53 17
206 561
707 12
32 276
470 122
532 225
476 995
238 134
743 927
561 631
715 276
178 597
711 445
821 141
143 433
916 759
77 653
100 882
962 117
108 293
513 613
240 373
459 981
575 483
905 243
181 85
108 436
6 399
62 285
445 395
692 188
473 834
442 755
973 693
45 566
621 131
455 711
773 750
723 975
761 256
615 613
374 317
710 187
469 615
864 962
922 859
80 842
691 154
175 309
69 210
895 90
685 89
246 606
304 429
50 129
892 920
917 725
276 897
867 586
317 629
451 447
432 272
903 402
715 526
331 825
794 435
640 399
253 232
73 425
794 290
814 801
908 286
957 731
917 24
422 974
150 441
529 736
905 864
760 994
266 61
638 967
345 540
732 408
133 78
609 707
665 337
171 488
979 561
85 610
471 341
755 214
595 513
431 571
55 907
868 942
209 351
527 285
655 840
582 920
290 760
95 895
777 250
652 962
526 991
393 308
940 882
548 879
809 681
26 645
891 101
319 756
251 130
894 888
811 356
907 841
415 922
972 305
448 509
549 777
476 523
353 304
726 54
154 259
965 729
142 480
638 180
153 969
939 742
784 805
307 336
607 293
754 731
666 265
750 184
283 715
760 467
558 138
260 713
372 195
339 599
469 861
842 217
866 707
480 10
905 901
858 851
34 401
89 810
927 5
632 855
998 95
676 983
35 41
161 580
475 190
974 148
372 302
210 193
802 797
306 748
716 891
328 908
457 616
6 245
690 582
413 237
15 585
91 511
143 434
256 40
267 872
805 644
902 731
225 742
785 900
56 884
879 108
664 115
194 158
986 98
489 586
500 668
238 207
699 587
392 229
907 518
51 424
323 463
769 569
777 22
778 313
764 386
468 711
735 259
721 433
174 529
247 165
268 622
880 286
769 987
296 383
613 756
196 832
387 217
208 554
248 519
984 830
340 223
658 68
183 611
541 409
784 754
533 53
201 768
292 425
370 953
64 24
502 430
529 66
240 77
92 686
481 97
926 955
726 633
840 568
583 288
876 302
93 52
24 549
44 472
705 434
486 77
572 570
348 102
849 719
336 934
813 428
792 832
672 916
954 258
383 684
756 138
611 649
962 793
87 817
712 848
659 811
932 349
880 614
831 553
499 16
376 837
431 741
110 506
46 566
964 93
463 188
31 294
141 802
271 727
111 20
982 785
465 130
375 899
582 695
16 660
789 775
424 837
332 886
480 961
962 477
317 881
750 292
189 588
261 207
195 327
632 388
255 991
733 731
555 231
209 423
63 452
342 438
308 29
665 980
613 822
962 110
266 276
15 150
463 809
977 555
942 967
586 503
491 347
41 855
928 442
264 185
146 524
981 20
506 116
297 736
226 119
504 909
140 427
378 938
681 217
956 965
795 65
870 647
249 191
356 869
88 251
108 134
736 679
771 488
847 669
253 624
168 194
653 99
819 357
69 142
35 306
699 267
827 830
75 565
828 493
558 194
692 767
268 180
475 472
41 630
82 154
615 4
482 640
546 525
512 901
984 578
107 757
550 945
220 12
771 932
59 118
153 509
279 645
84 547
180 930
567 214
407 721
932 369
793 13
703 566
266 183
453 547
844 213
827 506
793 190
7 140
524 314
543 494
251 716
690 462
841 650
350 922
556 737
744 475
889 662
160 636
12 757
841 539
707 126
545 271
274 870
952 375
237 787
347 383
720 243
756 721
657 742
735 421
960 945
977 885
180 4
3 387
795 993
477 328
601 818
105 707
14 135
507 851
97 723
61 888
703 313
248 865
820 507
277 832
815 192
196 784
431 203
283 448
986 513
778 821
705 781
89 642
201 984
55 431
829 198
408 734
979 297
248 285
322 776
721 599
625 417
736 960
813 722
995 563
177 176
675 689
912 45
115 988
153 191
961 528
288 870
336 622
64 669
282 332
690 321
734 656
585 109
318 112
596 564
400 767
348 221
97 347
885 482
478 840
58 71
283 810
34 364
112 824
242 715
300 495
618 856
414 99
239 10
594 7
357 123
711 860
821 300
348 402
223 518
263 411
198 960
916 455
957 800
455 363
579 391
263 552
234 260
56 200
95 128
650 230
389 82
632 106
786 998
591 869
562 727
929 918
159 777
517 231
276 555
170 466
298 175
812 115
473 853
536 927
369 882
317 498
394 913
706 256
213 193
17 478
255 346
146 250
866 301
227 509
729 99
221 711
120 550
635 345
620 403
396 197
839 179
827 555
59 389
44 727
230 750
647 100
87 959
861 776
573 116
353 17
316 387
559 449
687 252
581 409
139 442
726 594
639 151
931 678
415 473
905 827
157 818
931 823
269 644
774 675
372 9
233 325
513 395
291 37
499 390
119 881
927 80
784 226
215 322
510 266
846 416
278 668
417 912
327 789
37 875
877 442
742 32
158 49
692 526
552 991
806 845
509 835
268 562
927 958
246 798
40 105
138 5
621 962
845 186
495 257
63 205
750 265
734 882
863 554
774 9
261 234
446 174
566 367
608 401
475 746
924 813
816 750
964 574
532 829
977 957
502 880
70 532
414 682
18 243
470 245
900 213
540 876
647 584
247 164
748 911
179 444
677 389
271 340
627 570
186 828
479 465
501 297
342 971
236 202
643 410
130 763
863 127
763 187
175 25
895 942
342 570
952 986
150 987
433 283
487 168
182 702
828 228
634 55
799 549
537 590
206 419
207 142
338 299
415 445
205 600
753 572
809 354
406 144
889 204
995 480
177 248
785 505
310 316
106 834
884 849
173 12
384 301
280 878
334 33
219 609
176 911
182 149
811 551
115 178
667 539
851 358
656 886
690 664
339 442
755 962
3 755
996 879
430 726
402 611
816 989
268 175
618 473
752 987
788 83
39 235
367 238
722 299
621 567
38 929
618 774
760 761
963 956
419 951
142 835
569 469
494 342
276 909
547 122
820 194
103 966
416 24
274 218
96 880
394 707
144 754
130 957
39 303
406 534
733 115
726 111
764 278
602 425
825 274
361 478
540 999
527 155
14 458
507 916
346 538
424 416
316 246
354 33
848 583
408 852
61 166
583 225
326 74
459 631
211 246
429 851
675 519
571 598
260 755
687 180
177 139
453 238
735 728
61 505
944 755
117 766
344 563
127 872
533 60
331 799
281 6
64 690
282 361
747 151
286 273
509 184
898 143
760 234
428 66
67 642
660 609
206 123
335 925
2 784
751 293
920 137
423 462
693 412
375 273
859 908
939 474
146 561
717 294
756 316
869 251
941 670
393 920
307 766
299 98
375 791
930 192
697 187
806 631
351 286
384 76
446 102
985 752
493 57
26 828
942 774
85 287
472 844
716 471
539 630
284 107
13 611
251 248
215 541
436 350
26 734
248 866
857 200
515 526
996 390
402 301
810 190
578 121
540 971
647 801
373 822
360 741
728 347
568 330
199 926
900 603
648 60
577 74
562 670
639 412
216 30
5 626
840 659
748 4
4 446
726 567
498 505
667 342
491 130
607 336
444 29
210 806
743 144
323 605
692 754
235 941
629 89
922 123
444 395
616 844
159 112
681 752
439 128
16 380
839 675
382 474
368 456
386 937
701 606
206 36
139 93
747 256
710 660
824 803
751 456
770 345
42 928
650 675
798 379
586 529
496 372
495 127
557 144
372 490
530 796
177 716
915 938
509 815
238 471
534 640
663 996
106 668
246 930
817 444
158 244
659 433
971 579
128 423
720 321
683 343
152 301
467 928
715 372
985 675
894 525
552 846
627 402
609 931
441 785
997 268
891 281
673 78
548 794
454 633
950 658
238 160
559 946
270 159
552 887
576 686
482 449
722 148
7 708
670 412
797 464
754 277
701 506
200 487
213 192
398 882
204 901
506 173
434 190
786 427
572 504
203 327
421 388
139 735
892 617
914 263
830 947
889 469
108 207
663 125
697 990
301 917
330 209
922 957
173 261
197 399
70 151
478 637
364 496
991 533
614 464
9 234
728 883
124 836
361 654
657 329
917 759
281 77
634 357
706 822
405 376
547 358
658 693
664 522
681 748
591 113
666 88
44 276
908 429
700 201
31 46
487 497
440 601
614 141
449 797
671 94
505 905
642 880
606 545
647 225
188 650
872 587
755 918
438 326
385 330
685 831
543 417
301 566
5 126
877 599
768 949
551 922
988 784
270 392
298 844
685 848
483 456
565 778
860 474
4 766
422 293
778 453
851 649
963 758
86 918
651 686
963 848
982 220
927 693
753 260
240 465
368 742
180 244
367 536
868 211
736 306
697 461
50 968
835 443
982 446
955 16
400 432
551 431
740 356
703 368
796 54
509 165
66 791
319 635
911 871
1 988
19 407
296 240
630 287
758 320
83 712
355 303
800 160
51 102
873 383
809 54
331 310
913 545
687 957
603 514
900 298
450 846
406 439
101 805
411 495
41 336
914 506
329 170
184 675
168 232
22 135
411 911
615 828
83 407
875 83
947 382
932 234
776 871
495 898
371 400
945 353
941 245
870 805
376 105
799 235
837 36
163 13
85 996
180 968
56 726
162 410
409 830
393 641
871 858
713 328
399 415
440 740
877 988
538 869
450 737
337 44
542 900
817 282
759 906
501 950
427 63
128 496
402 755
475 811
759 203
869 87
543 298
623 24
54 493
696 158
539 847
820 860
108 542
659 342
806 103
502 74
29 210
551 613
501 490
47 946
768 477
292 310
260 41
122 864
568 122
840 922
252 594
570 699
494 659
279 24
498 750
283 486
931 284
448 28
408 853
499 945
821 667
275 288
891 619
814 191
28 624
931 865
685 264
457 234
438 635
582 578
50 875
948 816
438 194
576 495
375 915
686 100
407 605
746 947
641 293
701 569
461 820
478 850
121 439
494 98
958 389
125 844
872 628
409 794
90 977
240 665
276 110
137 672
341 576
50 687
254 983
918 516
464 149
372 518
444 923
546 207
211 956
413 68
931 411
73 999
129 949
122 704
998 417
270 358
109 326
381 417
1000 136
560 334
835 196
543 671
432 721
716 321
437 352
518 869
329 708
436 168
602 27
450 796
859 504
109 249
915 442
209 675
502 40
817 940
287 275
964 789
381 997
866 263
957 188
117 655
584 768
257 690
964 405
496 416
79 711
303 911
651 875
821 590
74 453
807 559
24 833
442 464
577 363
904 741
136 591
412 900
515 973
98 289
207 65
173 177
802 675
221 165
153 189
945 169
348 40
519 659
392 850
840 336
125 314
131 611
742 427
570 264
606 586
981 849
888 171
30 134
858 527
586 542
239 20
998 355
857 803
698 39
96 509
208 231
704 764
284 644
780 513
479 57
555 259
403 238
191 119
194 185
711 636
108 983
159 725
460 84
104 182
640 434
937 592
333 691
523 463
998 687
398 81
403 317
119 23
359 516
34 611
368 473
791 635
657 883
195 972
144 586
508 386
313 665
66 132
299 922
32 255
64 128
463 824
772 483
658 238
428 102
296 51
705 137
779 910
900 834
528 654
107 115
490 265
587 173
153 451
829 232
728 965
602 930
732 533
625 579
184 887
719 265
810 727
192 258
671 682
286 588
749 994
606 885
192 433
301 113
840 509
867 760
194 678
103 314
50 898
894 3
974 155
797 610
210 188
46 686
547 71
361 56
16 909
827 439
957 840
428 154
340 830
989 471
900 244
523 47
432 812
234 488
806 722
733 978
458 804
699 878
651 963
856 879
103 766
234 635
454 696
149 498
358 904
792 218
460 120
152 697
155 746
651 673
929 967
316 543
501 533
199 178
905 191
374 188
601 872
213 114
450 460
271 342
521 111
583 985
640 555
109 850
716 254
477 814
80 600
54 62
888 986
425 828
209 917
172 164
239 58
410 721
823 445
865 367
596 233
580 662
429 254
250 429
213 551
168 376
539 167
923 504
525 100
158 599
253 843
35 232
113 708
206 323
172 311
597 626
658 662
793 901
429 819
903 184
7 391
157 566
619 375
185 548
609 445
167 765
298 636
408 212
853 826
459 503
25 845
137 651
90 877
643 133
627 190
631 751
537 170
453 878
493 305
463 120
525 778
955 597
997 242
34 854
678 663
471 655
460 156
668 409
544 663
621 343
752 522
750 5
679 59
55 893
652 901
74 637
781 632
971 567
892 349
571 940
334 826
338 713
981 17
240 43
869 972
925 554
123 742
910 134
236 447
553 395
39 924
575 574
583 281
355 475
283 406
472 349
439 363
645 460
8 37
351 559
284 326
775 620
751 957
70 77
73 255
103 15
452 778
793 839
810 687
743 255
600 375
528 500
533 909
629 244
442 142
745 495
926 692
619 450
439 28
516 748
167 528
442 113
816 270
396 674
524 166
671 17
360 297
327 991
996 414
923 768
160 512
489 340
876 864
825 786
45 487
162 197
882 372
241 324
265 474
116 524
372 694
950 550
368 577
419 863
81 300
824 989
267 659
404 868
829 573
260 488
462 978
982 5
638 619
380 367
398 122
492 369
916 755
384 516
523 563
262 549
844 109
38 60
773 935
801 282
959 908
514 825
346 589
792 607
888 820
316 805
812 866
49 934
359 705
455 306
203 349
459 823
562 668
445 76
307 459
369 518
5 624
818 630
832 41
338 350
637 794
304 466
781 32
50 42
451 238
783 694
957 383
260 721
282 425
338 110
325 501
951 321
22 63
560 626
384 450
603 948
713 84
491 930
419 193
184 954
849 532
850 231
325 279
970 732
573 536
280 936
633 382
46 659
755 783
149 138
81 525
160 701
327 963
718 48
370 354
354 895
72 488
200 317
128 10
702 612
849 208
675 58
102 644
626 770
725 958
333 135
730 576
599 752
381 580
328 592
256 285
812 258
651 644
857 415
821 124
973 273
909 340
218 338
809 685
385 857
43 869
892 278
343 82
900 131
350 222
557 884
65 94
194 378
786 22
515 620
825 452
771 271
94 195
739 10
902 704
801 435
688 971
454 74
628 897
481 488
50 127
144 248
108 201
774 900
5 997
191 974
395 777
552 547
879 865
398 684
184 888
433 500
203 299
785 274
608 667
900 997
903 454
173 37
598 782
784 86
605 34
688 493
534 102
150 383
888 490
651 262
452 637
935 582
862 546
591 224
262 244
135 126
229 367
581 696
843 640
220 358
779 184
284 634
253 347
518 231
722 322
747 669
823 704
4 760
646 59
404 306
741 119
696 840
678 381
806 445
910 556
493 227
855 832
808 785
476 935
830 390
969 866
772 283
407 288
874 929
195 538
753 100
717 897
958 437
606 14
692 193
877 187
491 256
402 371
116 603
792 663
777 325
544 572
787 365
300 697
29 60
155 198
391 831
951 634
596 379
500 272
597 942
67 879
306 249
629 509
808 865
628 699
97 53
121 191
196 303
88 432
235 323
897 708
1 271
76 965
909 917
14 843
901 773
149 992
135 205
508 495
232 505
151 548
766 122
159 360
723 159
510 436
936 555
199 503
961 376
188 680
500 746
484 215
733 900
546 700
560 70
254 18
907 491
546 169
158 163
825 870
138 183
472 597
968 890
609 632
575 888
912 957
86 944
858 137
507 109
698 318
476 867
106 192
827 205
427 364
470 450
881 489
700 811
437 699
151 637
172 696
807 854
175 734
653 556
179 413
967 140
757 584
443 528
8 211
136 488
734 541
196 824
143 751
720 801
278 322
333 813
123 761
991 246
951 553
623 700
352 709
886 6
946 235
729 201
640 854
951 606
516 169
378 648
415 269
861 845
40 497
3 135
595 353
597 819
763 535
196 764
123 948
865 251
495 928
351 716
945 132
775 2
533 908
456 464
810 831
576 351
642 20
724 904
391 75
139 50
196 33
474 655
503 46
708 388
964 46
395 285
750 635
660 359
756 392
224 809
766 225
501 279
418 201
974 46
453 191
103 688
462 561
708 201
46 816
161 26
949 33
398 345
941 957
212 947
998 566
310 532
958 258
995 268
14 447
815 633
618 621
643 680
664 333
920 759
876 559
522 791
209 528
542 338
963 699
32 503
259 288
78 786
654 929
618 783
303 171
381 995
244 657
134 883
782 63
877 131
827 658
355 361
356 694
88 44
605 537
625 379
42 541
844 675
310 333
26 366
948 577
566 944
454 510
974 705
679 635
373 432
396 3
714 2
771 89
330 267
993 473
66 573
103 50
185 673
62 125
483 900
500 27
34 390
774 586
119 873
45 6
671 982
414 325
128 894
186 172
993 788
296 548
405 142
244 410
874 113
654 851
950 186
8 787
975 285
262 152
465 44
854 966
16 56
613 293
464 228
48 483
452 333
932 631
21 304
261 353
669 356
606 105
211 926
855 89
987 65
971 580
916 451
259 832
441 933
940 313
111 191
252 45
927 589
270 320
273 556
181 939
208 7
770 320
501 654
713 834
471 694
160 233
790 853
332 495
226 870
103 584
872 204
485 711
576 720
403 684
208 692
246 412
374 193
375 312
821 910
666 961
829 403
207 483
213 190
216 78
558 858
737 572
51 519
598 323
715 485
553 450
424 10
120 665
56 239
490 375
18 734
26 20
232 962
601 383
50 207
107 2
54 527
255 154
449 493
879 977
951 420
865 35
115 956
408 476
742 363
504 389
12 230
897 872
776 699
177 434
470 537
475 181
521 789
577 945
427 822
374 841
984 941
776 921
393 763
855 287
694 155
379 844
950 49
989 124
112 951
578 992
542 863
322 961
51 864
858 400
381 261
646 937
314 462
707 173
758 955
826 357
630 807
461 318
725 593
341 856
792 220
722 613
940 428
488 221
199 206
191 250
129 669
406 927
63 766
462 779
412 100
450 979
57 883
369 129
207 673
329 651
674 994
161 669
71 118
903 358
367 763
886 793
815 279
568 464
396 719
570 674
420 781
402 368
23 352
759 186
616 444
783 346
571 864
60 235
120 582
579 705
430 461
883 803
476 411
46 342
780 323
85 365
933 427
817 435
511 179
691 217
565 235
775 585
923 506
955 317
287 115
89 920
271 345
912 731
888 74
67 541
528 25
210 202
269 565
515 293
3 473
626 681
478 885
945 901
319 435
466 165
374 826
181 446
823 99
20 786
334 84
651 178
121 521
33 767
286 219
15 571
552 717
609 300
805 267
997 909
158 17
107 955
915 630
989 340
561 786
287 580
989 682
332 883
885 873
869 84
427 65
48 314
266 321
972 803
243 425
489 553
398 493
91 877
829 432
997 321
29 175
838 847
712 463
366 272
208 862
798 669
303 289
696 67
700 923
900 181
375 371
982 473
86 258
17 265
117 297
424 277
208 636
687 892
639 535
550 12
351 779
62 506
579 556
193 377
766 878
363 169
348 515
330 50
153 539
45 605
231 374
213 999
567 760
70 48
787 552
420 7
994 252
245 54
597 833
265 822
50 4
418 196
163 383
3 134
120 832
747 109
840 601
322 848
841 224
714 838
163 460
864 335
457 239
287 624
631 535
969 4
222 568
390 356
486 253
648 734
586 775
475 332
249 623
340 914
470 577
487 541
78 10
500 307
479 615
673 634
836 859
267 830
423 458
104 784
765 69
582 517
882 483
384 373
133 817
465 225
780 536
289 116
46 164
55 524
731 861
902 15
194 848
677 773
843 613
423 185
81 290
815 651
32 298
643 794
950 650
556 974
920 841
834 915
899 565
541 24
270 54
424 354
708 785
669 884
601 166
449 209
584 948
278 11
588 100
757 555
705 896
192 893
785 130
616 720
734 277
809 994
494 690
292 415
437 850
460 725
634 248
961 856
572 237
966 203
3 221
18 763
331 576
706 524
840 742
527 257
490 419
240 646
131 825
940 577
174 121
33 891
600 191
277 368
153 130
373 487
638 269
486 14
750 843
162 688
292 851
610 306
171 546
262 383
883 343
331 908
103 352
286 128
676 776
769 250
435 922
591 191
284 993
65 852
785 880
373 275
438 382
467 744
704 576
429 97
780 941
384 934
668 654
826 592
923 927
488 122
750 374
508 101
538 38
671 827
503 83
436 24
554 327
192 524
398 35
394 564
749 232
476 844
41 313
901 67
522 776
961 504
797 146
900 225
243 925
293 403
425 43
873 677
140 875
65 461
985 140
930 791
634 173
352 236
428 782
587 209
187 719
231 833
597 260
1000 990
596 208
139 433
529 233
515 42
537 742
990 328
538 329
280 633
300 900
89 899
310 341
41 544
82 204
64 335
176 777
659 932
989 129
202 757
267 51
510 271
537 433
832 755
301 787
724 961
393 617
374 846
638 11
975 286
343 501
56 685
20 968
955 255
537 122
33 323
50 739
203 671
112 936
423 402
834 535
872 734
615 446
181 236
73 979
114 129
372 633
709 796
836 456
470 943
234 614
919 771
519 197
726 267
963 967
964 404
180 475
488 848
82 965
289 357
109 412
972 30
27 257
597 391
692 429
19 189
94 387
956 618
459 2
62 253
854 137
714 564
187 924
539 419
252 421
83 607
193 227
51 253
625 32
915 356
455 359
577 133
982 668
572 408
424 88
795 123
335 290
947 164
783 458
819 75
532 842
919 26
905 632
908 777
66 676
788 855
736 512
404 600
885 97
387 266
690 81
709 307
417 723
415 440
273 407
899 487
496 600
653 172
37 583
884 325
407 565
802 601
505 591
953 739
182 255
348 19
477 433
650 517
499 105
742 487
465 329
728 625
432 30
822 271
806 896
755 856
594 166
243 108
116 230
856 52
785 687
492 821
25 850
353 621
906 973
45 367
347 75
520 166
794 518
9 454
945 690
160 598
911 493
396 878
368 969
47 747
285 34
307 534
568 653
475 860
169 537
426 136
593 875
446 79
750 409
976 54
320 522
981 843
893 431
659 203
146 394
644 413
517 169
555 106
539 609
594 267
53 329
626 445
927 600
126 812
666 919
532 8
703 400
991 771
985 91
93 430
865 573
520 112
202 509
886 149
924 498
302 330
477 928
961 883
683 860
856 87
486 694
731 873
352 694
373 224
335 966
13 399
896 813
163 382
659 587
940 606
64 489
581 348
418 656
116 437
874 377
412 834
822 713
470 396
560 984
387 516
46 267
112 643
612 772
850 145
503 214
689 21
375 686
547 179
965 352
146 776
11 126
769 14
885 220
78 186
775 112
547 913
149 341
797 329
599 989
376 581
161 175
987 103
114 201
647 459
601 745
85 568
17 936
159 765
271 983
384 761
388 785
372 800
271 68
221 825
682 829
720 120
505 696
316 595
802 370
18 165
96 785
207 760
12 616
239 491
397 400
809 848
578 143
819 139
469 270
679 399
807 602
120 528
344 282
298 10
748 242
605 535
363 148
202 26
57 757
791 934
424 16
188 89
946 141
89 644
398 548
19 689
675 443
871 325
47 263
196 579
16 473
636 551
780 411
304 420
639 78
309 925
805 824
755 581
153 129
466 72
36 202
590 689
24 658
757 384
353 858
983 962
231 857
641 261
185 897
646 534
371 106
513 323
181 501
556 295
978 209
194 608
909 701
987 165
521 729
559 845
618 395
506 929
34 72
197 524
474 387
185 204
792 36
828 930
158 249
16 722
129 917
612 380
501 795
432 610
290 640
95 727
332 11
445 996
618 572
530 903
403 635
971 420
983 803
833 411
486 967
950 518
350 818
523 592
781 556
621 429
397 291
735 165
611 363
369 884
351 172
722 816
743 670
528 853
51 224
326 346
237 309
772 64
478 33
102 788
784 638
236 115
40 798
947 25
919 128
745 991
804 704
52 621
900 307
98 511
316 42
317 863
781 240
36 953
455 561
849 826
331 623
335 111
800 470
897 588
14 559
865 176
587 37
386 203
704 114
667 870
95 383
379 900
417 679
741 990
98 688
456 490
920 441
724 851
854 774
12 375
50 958
2 829
591 237
149 58
116 131
978 34
135 123
201 395
186 281
591 146
647 220
29 645
927 892
404 479
703 709
233 907
328 657
592 718
683 281
479 906
150 702
740 333
399 213
972 825
96 524
476 339
85 496
546 98
195 336
950 704
256 508
350 524
426 36
962 146
199 281
700 770
717 860
95 856
668 288
816 627
502 842
860 868
539 565
223 36
317 447
981 904
213 126
66 767
142 58
164 11
405 879
899 925
937 338
22 604
351 128
13 823
753 891
330 28
477 859
737 882
190 149
840 833
36 846
112 220
349 129
960 42
745 836
616 604
780 381
709 673
601 296
749 672
535 485
411 403
88 260
839 947
629 107
643 789
980 251
213 660
127 882
116 449
942 187
157 641
586 73
605 3
625 845
153 490
637 658
837 432
146 805
456 149
76 678
618 33
780 784
865 22
361 24
586 963
571 125
872 684
67 182
341 695
656 669
641 111
509 865
762 544
579 295
745 552
216 831
704 252
640 161
971 689
498 761
100 401
797 277
360 126
539 834
276 804
317 324
371 670
320 668
229 836
359 789
753 330
471 651
26 802
354 503
411 868
393 209
583 522
756 922
151 638
643 734
496 219
665 846
227 93
950 889
757 597
558 670
460 461
445 127
374 15
621 6
198 345
622 986
273 54
112 26
312 684
334 937
481 331
155 54
801 632
964 988
148 949
934 828
541 630
49 664
505 46
378 804
455 616
187 758
994 250
643 534
585 911
13 398
141 217
733 287
500 295
44 548
979 131
579 604
986 772
274 973
442 283
121 344
603 940
692 651
19 995
900 952
741 534
962 965
656 76
45 134
452 39
400 650
55 74
850 142
817 95
125 386
200 39
366 916
186 6
974 215
543 70
251 596
470 950
292 622
953 329
811 807
738 797
996 361
635 699
108 493
220 591
323 366
968 921
237 780
897 387
77 931
778 390
463 918
303 481
622 129
649 435
778 361
891 224
928 342
965 560
919 552
596 651
890 424
229 602
628 91
285 984
877 94
825 323
961 387
48 868
602 407
571 972
240 252
800 126
903 794
567 681
382 945
772 131
539 136
709 744
265 967
69 329
459 521
689 628
887 585
637 790
268 113
418 578
435 544
662 801
849 878
102 274
620 219
359 129
568 966
617 619
559 264
201 140
239 460
149 948
480 469
188 926
266 880
250 707
550 980
831 537
524 247
375 653
362 808
309 303
935 559
336 643
408 16
638 123
197 285
730 607
837 281
931 348
194 110
572 602
186 397
725 856
102 809
747 548
860 349
897 205
517 556
646 960
262 953
159 579
600 75
994 826
246 983
363 777
949 2
110 6
739 626
354 460
362 258
310 759
369 9
702 213
192 526
247 40
930 448
648 785
631 198
872 207
221 477
873 538
70 690
473 132
238 900
133 376
913 268
635 164
272 917
312 757
995 920
248 755
246 2
835 739
140 411
736 792
702 339
870 759
869 768
502 299
716 751
292 618
364 200
79 855
67 887
938 58
518 790
278 107
463 37
527 620
254 378
532 947
83 110
9 233
430 769
412 788
861 35
611 516
562 192
306 386
435 730
918 133
758 964
716 796
456 122
385 162
352 187
79 312
67 320
5 18
177 256
729 883
513 308
901 975
949 979
785 850
436 698
270 165
873 41
565 739
508 20
436 809
241 439
96 414
133 887
82 673
105 320
716 672
241 256
265 16
449 339
391 592
285 205
293 706
26 975
479 171
635 833
800 762
536 944
53 194
554 313
904 264
218 306
392 942
173 782
302 594
389 772
372 972
792 620
498 629
589 692
1000 655
203 392
773 780
498 708
762 905
890 194
984 131
378 926
238 642
190 609
675 899
930 936
594 721
991 337
637 877
732 583
97 751
1 609
143 986
258 112
200 16
286 514
126 349
933 313
131 883
831 994
600 352
983 679
984 767
806 402
490 8
542 738
192 402
325 346
286 920
956 492
280 885
689 239
304 75
876 603
475 146
183 221
521 822
542 924
300 31
270 707
827 470
371 978
101 197
525 547
485 102
863 849
332 799
211 663
202 662
985 963
831 615
977 103
318 297
708 209
855 2
33 79
791 757
73 862
4 809
668 615
806 782
229 835
982 131
786 918
643 803
401 444
385 763
595 686
800 774
323 403
878 451
971 367
19 106
26 850
834 61
395 716
899 619
238 973
412 678
913 315
971 77
455 436
83 637
326 419
482 229
435 297
57 735
518 956
153 536
481 443
923 12
389 760
676 460
640 810
737 746
844 522
177 719
259 132
778 162
652 341
211 255
785 188
236 346
719 351
813 742
886 292
102 375
893 600
984 300
144 83
715 652
58 761
594 983
171 938
585 232
107 348
720 897
374 469
23 954
573 873
245 710
881 534
600 491
215 402
16 812
418 880
353 685
504 303
489 61
107 634
951 143
129 898
171 729
176 49
146 921
655 939
293 838
185 837
318 747
738 8
751 147
238 450
119 453
10 11
266 401
677 945
950 367
42 376
51 319
656 920
217 758
787 318
552 857
351 263
461 451
915 226
627 300
792 279
42 410
898 693
584 729
192 129
790 845
781 961
792 390
722 699
407 503
48 918
164 536
437 524
423 617
523 647
696 679
881 235
350 118
886 693
748 861
51 55
23 172
810 328
922 654
482 137
984 123
583 45
524 733
778 829
374 266
587 135
92 767
27 353
645 555
919 92
552 189
53 912
239 745
258 56
304 346
311 936
965 32
417 522
879 558
594 986
257 225
81 933
353 856
110 600
555 915
811 727
98 908
651 366
387 709
780 842
598 961
52 159
476 514
124 739
345 762
453 527
592 597
868 738
725 871
559 847
746 194
233 941
652 91
831 335
673 869
547 796
324 643
56 865
203 978
31 174
115 318
191 125
29 114
447 199
930 255
168 483
475 646
750 56
222 570
137 49
680 687
551 162
311 921
459 138
422 18
564 287
820 129
363 566
808 713
915 111
702 165
11 927
955 868
30 614
87 627
143 269
691 261
765 908
878 725
771 520
212 407
30 768
883 986
130 670
852 871
212 117
146 109
268 614
776 498
636 748
657 433
732 531
719 279
336 804
5 881
562 110
965 115
602 863
571 260
862 261
980 336
305 104
665 116
648 156
300 165
125 472
197 827
107 970
339 422
875 680
949 929
487 550
346 406
988 969
440 719
976 513
150 594
392 594
48 52
950 808
547 120
980 672
243 179
361 45
228 805
341 514
893 53
475 964
738 728
708 254
752 774
517 912
683 424
498 683
246 560
247 489
824 258
860 576
55 998
39 477
606 336
9 26
906 360
159 836
33 696
422 62
985 418
969 526
368 364
277 942
867 132
251 554
199 57
511 891
293 436
166 130
355 199
928 125
878 753
916 918
44 909
151 171
833 48
942 658
247 962
957 53
783 422
81 212
661 966
593 912
923 35
338 513
815 113
857 811
36 840
199 748
283 426
80 892
64 17
856 237
765 819
862 455
202 237
705 280
283 686
359 123
372 32
400 898
679 772
206 474
233 408
841 89
198 817
373 68
254 113
920 407
119 813
157 560
840 366
992 57
367 419
595 132
278 688
121 525
462 746
824 738
966 621
180 497
923 826
582 541
111 31
557 209
660 174
788 91
132 519
907 383
11 386
309 169
794 807
30 269
351 133
198 659
310 525
41 797
42 423
246 655
651 707
138 914
267 762
555 111
616 111
229 548
711 352
660 738
466 274
593 321
833 242
985 47
986 784
382 697
333 869
478 108
847 582
354 57
942 686
336 853
875 377
861 934
843 231
917 884
991 295
244 600
982 558
658 816
108 255
951 597
835 16
340 474
192 570
752 654
847 277
850 475
282 95
912 58
961 589
953 802
664 683
718 610
809 326
540 466
248 232
429 109
585 239
163 65
606 823
366 696
879 622
3 424
390 344
743 74
340 559
416 236
717 841
846 369
918 834
406 982
379 684
620 550
470 581
400 539
292 537
42 948
135 445
984 873
887 925
366 773
605 145
901 518
205 441
996 388
924 681
444 803
113 730
556 92
82 213
834 602
82 727
871 597
105 142
792 122
497 212
498 103
656 921
518 51
522 62
116 697
545 503
323 481
785 424
532 235
972 978
954 581
942 782
85 295
217 919
750 43
381 668
55 10
792 391
479 115
192 595
445 165
30 523
90 318
91 619
648 198
716 558
354 251
122 143
448 609
748 975
236 251
402 293
710 777
118 243
445 385
505 238
964 931
624 852
218 525
165 2
863 191
866 241
938 770
781 376
451 877
359 332
606 215
383 90
870 600
840 667
326 174
865 312
792 560
667 238
335 404
987 845
992 933
774 813
98 312
466 436
139 486
287 166
804 28
789 416
662 918
130 255
791 246
443 108
447 278
562 218
110 750
475 319
231 703
266 894
489 143
415 147
788 735
191 573
799 57
620 522
924 290
737 290
885 410
736 699
889 607
484 261
286 23
453 526
183 437
814 521
492 655
519 76
357 499
234 526
988 546
863 569
672 53
155 918
337 783
618 680
176 395
821 469
18 482
879 195
661 380
276 990
778 440
137 48
302 858
229 922
615 304
454 625
327 509
206 913
716 499
477 545
77 679
976 174
398 203
934 9
352 821
161 190
9 808
466 962
433 532
868 123
643 425
165 85
207 494
541 282
834 260
437 782
198 167
36 710
74 401
257 663
39 973
936 475
559 91
636 638
107 104
786 325
218 771
42 757
237 866
294 628
960 112
780 299
446 980
196 674
641 555
736 471
644 714
421 639
596 67
45 835
50 859
325 813
943 591
936 791
515 188
667 921
82 91
689 193
729 704
907 231
563 585
159 370
141 675
58 3
888 206
409 731
881 955
438 350
884 314
817 475
410 823
981 306
587 873
634 5
732 374
256 209
191 3
696 724
837 541
570 248
793 415
479 772
686 722
708 782
68 749
218 30
309 197
740 191
264 986
285 892
12 916
345 145
808 791
683 73
163 370
32 453
584 530
109 41
437 722
461 260
804 946
164 593
605 316
330 825
312 804
739 223
596 572
363 307
421 479
369 998
867 99
151 170
173 558
361 790
895 849
531 312
218 709
83 321
355 420
891 726
892 645
197 329
696 488
651 982
899 205
277 609
459 578
746 530
714 244
168 208
222 807
940 630
121 208
657 412
571 434
701 843
760 505
409 123
942 79
528 399
693 971
804 84
187 58
920 880
262 424
67 512
853 993
231 781
441 443
900 854
284 775
567 196
76 673
667 530
870 63
850 340
440 748
405 818
483 526
837 789
379 481
965 426
513 57
841 660
681 867
557 208
396 856
523 64
410 779
929 297
334 422
592 685
845 85
464 48
33 77
494 502
90 150
381 405
474 233
275 504
833 550
180 443
660 909
98 615
973 322
151 522
609 881
346 862
132 181
100 833
377 572
618 898
394 712
342 770
489 846
114 357
575 496
722 868
407 322
174 571
433 707
285 610
179 483
184 267
386 731
373 857
264 163
818 758
962 960
412 416
44 882
243 921
838 268
285 644
438 670
999 795
502 273
505 51
491 563
476 787
726 3
28 473
691 139
676 349
642 349
933 330
995 138
957 340
419 93
386 142
405 402
407 383
199 171
990 407
940 888
337 469
745 464
520 680
505 623
126 89
348 243
261 708
979 851
618 241
862 524
84 565
340 927
548 196
917 9
7 113
375 603
46 745
286 56
493 492
989 487
276 118
349 584
498 386
485 152
788 393
721 922
495 8
226 822
484 64
806 541
205 154
356 26
807 189
596 944
579 34
851 841
929 23
551 184
912 814
270 136
240 273
826 632
884 243
209 522
543 933
345 122
255 731
56 387
916 617
833 221
20 159
319 554
838 590
35 783
200 930
761 563
600 660
58 871
757 935
10 962
56 206
523 871
922 831
300 639
477 49
481 54
870 552
644 727
224 272
23 250
151 289
546 837
658 567
65 654
101 583
732 815
895 429
224 126
598 852
713 46
658 729
337 322
428 31
37 893
278 633
211 927
267 232
453 859
772 859
902 450
940 17
464 218
90 812
664 243
39 213
8 631
831 329
465 192
102 703
747 694
328 712
882 147
186 746
6 433
464 504
7 904
928 407
727 25
825 17
121 125
223 302
4 430
748 767
416 234
950 619
365 73
369 14
119 126
14 254
520 351
354 301
657 986
132 28
761 606
338 761
230 811
826 894
540 32
579 602
908 572
321 894
766 856
749 406
986 632
572 497
222 46
57 118
286 779
677 90
23 56
887 697
102 467
49 677
106 926
912 357
214 925
840 291
687 134
448 773
138 368
698 685
364 489
516 510
443 26
210 771
942 48
36 155
58 703
629 4
342 383
336 949
912 30
762 423
68 372
569 809
35 69
954 373
205 653
281 197
638 189
271 550
36 377
7 40
375 658
766 65
823 906
348 298
945 824
765 151
270 661
452 280
695 204
437 236
81 50
564 697
603 341
977 120
834 643
337 985
393 991
273 625
189 285
760 743
155 629
656 994
531 782
397 725
146 272
313 257
406 806
333 766
924 807
673 97
170 500
214 67
808 792
278 893
916 707
114 495
754 777
99 385
797 192
658 262
768 458
380 424
511 963
743 809
178 995
568 103
536 965
204 851
867 21
540 917
504 525
604 307
708 707
454 143
539 343
105 931
164 304
476 482
47 301
923 514
605 603
532 855
593 700
296 23
465 896
430 70
606 63
398 736
79 933
230 275
411 407
567 944
166 109
457 245
40 427
334 269
496 523
362 58
378 226
115 926
645 771
796 657
124 976
824 902
642 11
629 137
119 815
301 222
486 346
487 759
533 851
776 812
797 606
270 710
932 727
885 593
138 92
341 691
875 551
489 352
788 502
347 78
213 233
42 16
993 560
902 394
941 688
652 662
284 597
621 924
747 737
377 880
587 997
78 920
445 951
1000 18
284 379
712 358
398 503
234 889
493 988
901 117
9 901
988 16
308 407
458 260
539 533
5 465
632 795
482 414
970 443
398 128
131 263
977 689
728 329
412 356
532 533
705 47
192 902
725 36
502 231
430 384
792 873
98 48
664 761
672 271
583 219
306 5
752 93
65 376
311 308
187 266
369 739
325 592
300 555
429 841
411 450
840 752
940 229
627 97
59 308
371 454
784 28
272 155
954 459
277 536
40 391
941 191
926 557
818 138
748 335
913 678
475 469
277 215
261 690
558 56
872 863
549 725
858 798
875 852
230 712
888 41
103 378
987 303
533 887
384 178
21 67
638 68
452 193
146 916
219 246
111 972
96 417
777 526
171 363
834 553
335 532
819 384
560 25
363 882
603 413
15 315
567 382
569 323
945 444
510 693
684 186
707 107
484 976
161 19
570 177
596 945
910 703
821 96
259 523
42 409
298 47
652 978
725 644
854 488
677 609
204 181
761 720
887 144
262 541
866 429
563 503
216 202
307 53
53 473
717 578
352 922
667 341
904 33
354 104
227 458
946 420
268 696
318 435
416 651
58 868
23 422
390 879
709 579
710 292
911 727
588 832
662 731
972 487
947 331
706 663
744 606
912 378
783 521
41 812
207 219
211 156
250 378
838 11
785 157
895 78
914 571
862 413
408 600
690 744
283 616
196 735
847 408
996 870
867 630
232 651
323 724
883 428
96 74
507 32
275 518
314 96
500 779
945 898
106 398
471 154
73 735
475 223
430 806
868 542
210 352
581 895
876 813
185 870
519 57
704 582
742 130
428 318
836 67
547 944
659 586
238 477
310 264
768 82
336 52
356 63
12 867
215 868
436 119
501 807
872 869
650 237
269 513
911 198
346 868
422 17
596 836
377 522
782 337
640 314
878 510
937 488
361 480
759 393
138 571
912 666
604 666
826 652
658 652
373 879
29 289
913 256
866 288
95 150
478 42
501 203
249 290
675 794
507 598
862 204
477 882
667 430
687 931
100 719
18 50
503 514
930 896
476 398
494 963
465 923
746 572
943 250
268 386
658 886
416 629
914 396
682 91
554 935
154 41
572 71
558 438
405 344
500 218
961 600
972 204
155 503
182 378
410 369
710 972
489 216
1 340
771 856
166 914
229 262
980 450
659 795
987 486
951 67
935 638
352 191
975 329
776 817
613 387
72 46
556 256
849 266
79 437
176 252
323 127
395 346
949 991
897 188
992 382
721 848
424 500
299 134
462 342
461 945
318 62
156 436
731 8
915 833
418 379
113 881
205 161
480 928
798 910
86 940
820 712
570 873
955 689
40 675
259 579
721 284
377 479
830 874
471 960
80 307
407 312
692 90
551 417
117 733
763 199
655 455
626 373
735 21
187 515
4 203
758 350
407 30
395 377
51 112
108 7
736 824
313 813
120 589
706 684
374 454
800 297
840 838
857 808
447 819
374 369
909 90
154 647
131 998
723 768
204 545
541 655
191 798
654 470
914 515
734 128
75 517
884 821
296 822
615 903
373 296
357 915
876 936
763 306
245 750
836 967
50 972
219 975
335 626
866 618
979 953
819 928
471 237
738 528
10 305
231 749
215 232
785 673
792 492
704 543
638 952
544 851
483 385
926 29
565 707
802 23
659 386
295 118
691 789
530 749
693 175
125 829
94 692
833 548
25 743
574 845
718 640
354 496
501 591
946 716
730 87
158 468
752 515
356 14
665 928
735 363
203 74
494 447
26 705
51 174
489 619
853 109
545 788
250 18
857 106
188 156
832 312
299 989
1000 638
69 463
415 727
326 54
933 22
735 926
369 529
408 863
643 963
170 182
327 346
692 963
828 131
577 389
970 124
933 328
359 152
514 257
224 229
573 303
474 427
665 566
707 641
767 845
920 502
465 431
837 415
474 663
419 266
276 385
668 899
391 976
824 641
492 791
163 817
347 60
534 256
862 909
591 337
423 451
112 536
686 447
263 282
926 494
547 919
93 577
225 713
64 841
393 901
102 657
426 802
486 13
149 448
65 525
587 896
273 568
219 260
94 656
375 445
150 179
967 949
218 212
408 270
80 221
887 226
739 805
961 277
464 715
617 411
69 752
605 990
181 738
240 354
900 144
942 906
9 817
817 986
91 669
240 241
956 671
179 737
153 734
373 827
264 321
283 47
29 307
587 93
182 851
973 680
425 978
516 736
914 278
984 494
640 778
36 899
220 488
631 722
173 278
853 724
451 652
857 657
605 307
349 117
528 442
582 13
468 421
841 133
20 622
153 139
248 7
746 778
544 72
654 569
713 67
253 778
847 8
617 767
10 407
177 398
824 959
150 475
262 257
449 782
488 820
963 982
516 856
974 52
689 388
928 860
341 761
893 956
196 156
492 891
419 439
387 829
480 679
681 923
341 618
507 350
616 977
256 200
648 66
99 568
742 786
548 559
181 2
475 877
133 390
211 791
77 834
631 447
764 28
587 573
806 281
754 38
898 972
459 142
242 274
208 910
707 356
247 39
786 877
90 366
473 30
840 486
908 728
346 647
682 61
226 977
502 2
105 820
913 263
271 501
807 743
243 930
305 605
100 633
636 923
98 120
916 877
705 22
482 169
688 964
356 850
783 511
597 913
67 389
66 603
361 601
469 526
731 855
628 569
323 47
904 651
806 913
717 702
235 193
991 542
850 414
460 982
290 444
746 735
748 257
625 714
560 109
183 982
420 292
405 456
903 313
614 372
893 653
215 481
469 977
58 300
993 223
496 785
119 837
444 529
898 330
77 337
131 585
671 67
487 546
625 901
521 878
24 402
509 557
971 826
366 192
573 814
831 286
100 276
376 532
217 528
147 317
827 692
614 693
643 957
6 478
593 46
632 436
814 347
859 239
357 724
259 565
546 35
900 204
696 960
522 836
229 613
604 712
344 993
19 194
526 823
14 75
922 544
761 632
706 395
877 654
895 973
877 178
152 895
890 207
709 905
675 825
326 459
791 887
518 981
633 679
796 815
635 369
986 112
625 343
115 725
97 866
406 66
581 464
672 340
891 600
931 737
948 513
199 633
598 577
322 836
70 238
823 292
53 130
176 861
139 291
196 272
468 477
107 375
475 459
850 547
25 392
851 20
33 917
675 450
14 848
723 462
447 758
69 913
950 203
715 850
868 576
245 527
466 812
716 908
332 404
229 27
451 17
34 27
110 374
720 929
594 451
747 739
821 360
987 16
880 977
111 249
869 429
686 749
476 4
255 962
367 976
685 587
523 432
803 896
454 956
122 772
240 327
517 35
496 209
846 657
905 193
288 205
795 830
423 721
946 446
829 467
61 73
557 964
818 836
416 720
53 741
423 603
826 935
900 354
796 407
407 914
503 709
605 445
198 125
161 757
678 299
537 901
59 473
421 722
919 55
978 529
80 860
689 578
945 472
70 187
79 955
870 914
121 241
943 802
804 954
487 422
942 696
718 614
776 541
121 354
174 212
582 177
254 6
400 881
974 473
130 134
370 515
560 991
428 19
901 864
446 758
600 415
170 310
440 540
591 163
370 485
121 557
750 512
141 744
408 560
669 486
262 68
654 926
324 261
570 93
292 763
246 850
581 699
845 118
367 790
828 772
405 565
566 176
414 957
879 171
226 633
526 546
898 5
238 144
630 662
778 275
144 699
734 592
954 560
838 562
843 968
660 642
284 238
433 748
415 916
435 106
825 438
830 142
388 348
1000 716
568 400
877 378
662 622
165 14
957 34
136 284
100 725
710 282
842 701
606 219
148 855
959 315
939 744
652 487
725 183
982 590
507 682
288 618
705 299
615 744
714 11
110 912
626 478
957 373
348 387
36 98
974 1000
885 211
978 279
230 424
656 31
408 686
427 692
712 774
90 614
241 722
519 277
28 443
1 718
598 986
968 511
492 997
158 966
675 248
810 408
793 357
628 784
871 996
603 330
396 862
725 979
889 701
87 202
825 933
590 231
721 20
974 326
961 147
629 687
195 381
802 463
677 801
842 988
18 177
427 286
251 946
986 3
234 812
825 135
961 167
411 802
212 191
969 844
342 222
878 508
224 817
417 813
611 259
4 947
363 442
325 120
773 897
540 908
762 780
84 496
381 926
221 681
937 136
156 820
490 602
311 600
297 250
830 357
162 808
456 597
934 894
577 467
904 829
176 596
339 896
359 509
573 253
734 27
297 404
901 311
135 940
232 971
853 759
321 526
732 1000
435 514
109 679
149 752
460 986
463 464
603 893
20 515
576 310
391 228
970 663
572 935
673 728
120 928
196 467
732 189
56 710
474 733
276 459
428 254
799 25
124 685
654 820
694 225
43 465
831 392
408 114
561 156
194 607
160 723
486 415
248 250
238 268
510 529
119 539
860 319
592 709
24 177
579 449
546 10
752 827
489 683
199 496
428 578
406 954
68 745
74 874
238 217
954 662
973 346
367 959
406 805
214 70
143 78
55 786
385 770
83 777
156 203
91 550
347 592
385 947
319 542
910 407
127 449
716 98
535 574
297 52
815 286
790 616
61 36
544 66
763 182
305 626
923 560
624 912
141 568
255 498
330 7
143 947
259 174
689 549
463 150
931 736
41 874
465 534
743 383
448 693
838 81
396 508
455 931
148 273
779 442
842 239
989 76
828 334
685 339
297 658
580 447
589 516
486 206
107 263
770 499
13 1000
612 872
519 716
885 316
542 631
963 478
563 568
323 831
140 735
270 858
550 790
898 303
519 349
880 339
279 740
357 196
563 582
600 674
216 919
410 249
550 343
497 58
168 846
71 13
945 682
315 378
379 520
324 704
623 44
203 913
989 722
294 296
649 271
152 369
669 212
228 36
393 73
623 591
566 324
575 30
798 891
847 294
214 98
787 6
19 112
482 298
890 415
545 200
394 756
347 700
350 781
193 86
543 850
568 6
986 797
71 77
271 447
905 337
943 489
800 105
879 401
996 438
165 105
518 551
534 308
785 656
762 970
914 314
784 716
787 563
572 299
222 884
905 668
908 805
148 658
912 63
910 935
92 311
130 20
224 231
225 146
499 303
600 322
305 90
676 63
126 242
899 344
918 212
300 219
619 447
432 419
658 753
533 771
145 962
936 456
171 590
318 947
174 439
432 50
50 577
607 807
591 162
480 302
114 786
300 505
764 566
820 704
988 910
958 626
103 597
974 504
725 830
720 338
885 852
357 299
674 127
618 704
802 283
324 587
616 33
502 794
772 310
422 123
562 990
190 999
374 269
85 147
394 744
829 276
333 997
502 36
786 41
606 446
588 925
188 371
99 184
819 147
899 875
611 85
528 527
16 307
749 319
734 429
179 995
596 342
541 595
644 389
709 721
819 433
715 659
951 692
681 432
938 545
579 21
619 236
590 361
13 427
876 213
164 41
828 16
867 490
300 921
871 466
580 608
179 605
295 760
419 202
257 251
480 492
563 707
638 133
604 493
415 158
241 721
784 42
439 772
386 432
353 707
343 488
898 279
859 280
760 898
686 366
229 449
426 834
766 184
641 63
327 948
730 713
547 949
399 328
720 431
422 731
302 703
811 413
559 826
855 83
539 914
618 661
546 86
17 908
312 64
20 369
919 871
665 636
669 156
748 763
397 633
78 657
612 90
43 961
29 366
860 664
829 711
224 338
65 186
798 706
891 950
894 875
275 243
165 207
645 181
539 478
920 588
27 226
238 822
429 714
520 377
456 888
753 966
352 953
47 873
498 731
504 612
340 202
69 500
914 233
656 430
744 558
446 986
987 910
308 543
813 518
905 587
391 432
13 126
540 833
624 83
509 463
348 883
574 417
79 973
11 613
352 335
732 182
330 341
59 929
171 859
68 481
325 478
418 720
442 218
941 132
652 121
747 189
289 613
609 60
681 735
96 166
633 182
724 859
780 149
509 115
708 439
984 951
569 527
110 489
756 91
211 614
270 665
362 646
368 855
707 774
566 95
987 54
471 409
203 615
82 664
927 922
350 613
702 414
596 901
50 730
636 390
121 951
781 870
873 989
123 170
68 633
878 46
96 866
540 755
27 416
82 845
895 745
786 847
164 719
815 424
925 576
377 660
236 169
866 336
922 558
818 719
122 192
907 866
178 878
568 323
94 170
549 990
351 942
355 427
437 870
404 754
387 484
525 182
339 927
947 220
741 792
748 464
549 129
777 336
701 838
447 530
379 952
340 674
329 319
823 343
880 951
130 160
495 774
44 350
548 94
641 724
202 542
556 449
310 114
71 289
836 849
785 533
789 197
723 321
101 381
746 98
251 576
488 782
328 983
25 857
279 852
599 835
546 333
643 135
56 961
993 564
51 838
677 902
769 475
458 844
177 912
323 248
897 447
256 289
534 564
976 144
358 928
243 544
506 306
821 185
325 293
626 35
458 433
817 802
412 66
251 234
125 653
921 936
189 144
193 585
627 327
268 513
89 100
644 164
225 888
98 234
833 101
311 162
737 513
739 79
23 414
818 25
821 637
473 999
347 970
791 917
892 874
247 557
840 869
639 383
108 245
477 40
773 523
527 572
291 828
843 507
662 797
149 710
222 772
871 425
221 118
144 74
291 141
314 886
701 874
262 510
732 832
35 176
236 631
366 578
407 592
84 707
381 298
949 445
186 159
340 932
676 798
899 648
333 237
485 50
505 844
967 887
879 358
493 487
532 176
251 733
837 702
567 453
807 346
789 955
81 126
488 8
971 597
60 940
794 914
172 994
207 770
533 311
358 844
752 723
786 874
678 687
91 835
631 325
62 64
449 78
985 371
35 980
21 997
144 716
787 146
865 886
970 198
820 458
930 662
805 282
583 642
200 935
645 225
773 828
467 447
984 642
17 124
708 305
313 761
813 912
602 689
287 505
587 47
715 498
701 59
540 255
173 895
389 709
174 933
395 904
362 461
364 371
572 200
844 549
226 268
727 940
843 487
936 3
610 486
755 886
395 103
170 839
524 826
562 69
871 461
943 960
68 398
126 156
550 738
996 866
353 992
620 866
713 64
761 611
839 512
88 782
846 292
615 89
301 145
432 64
568 812
21 242
742 420
466 867
641 397
371 994
478 970
617 798
285 302
603 735
879 378
884 300
671 142
674 446
362 562
346 223
882 317
76 452
591 423
431 602
786 567
136 770
163 524
167 108
738 936
423 198
480 920
228 110
138 882
546 87
879 201
972 925
369 432
9 231
873 992
380 843
821 64
713 847
493 15
497 468
316 520
8 297
394 570
967 811
539 544
777 123
212 696
708 581
431 414
270 654
120 339
223 88
868 259
448 350
89 92
214 429
88 100
929 626
482 164
801 568
960 455
27 944
232 958
175 360
972 467
444 351
957 663
139 312
837 161
443 319
804 62
698 537
251 65
738 294
444 445
291 916
211 410
28 828
620 838
904 792
183 64
957 633
49 100
181 431
733 146
129 12
349 745
928 780
334 538
43 467
262 115
45 257
263 206
380 880
436 642
254 905
937 995
955 506
243 184
579 306
73 919
788 78
826 249
629 756
99 601
280 221
778 100
185 45
727 75
103 749
8 743
963 945
211 820
836 303
693 248
261 128
649 354
959 133
655 188
281 706
967 894
593 565
19 86
281 983
998 836
912 875
450 806
108 718
327 108
455 59
919 616
202 469
465 554
48 853
201 581
374 852
597 239
744 877
284 208
621 25
880 413
777 486
744 764
981 241
530 107
783 431
513 786
455 750
667 398
409 434
322 673
233 505
734 106
22 806
23 91
636 664
322 720
658 854
823 432
40 1
22 145
837 244
72 946
382 211
143 851
426 905
98 762
838 230
767 196
399 862
349 435
20 545
149 899
787 441
595 455
387 958
380 583
328 250
737 130
428 77
410 448
508 483
7 615
550 788
572 820
719 903
461 915
651 175
10 317
733 871
851 484
724 606
11 221
656 662
362 763
200 274
310 843
557 202
775 151
138 40
565 719
380 11
884 395
280 313
913 499
121 993
129 765
347 355
954 825
920 969
830 332
477 367
65 982
427 203
104 318
604 905
274 186
312 121
887 178
560 303
147 967
66 56
216 707
53 302
996 69
898 947
613 806
463 643
579 874
51 261
36 277
843 801
700 942
368 399
539 488
647 925
448 279
180 822
764 293
624 720
398 133
347 815
652 664
126 677
198 342
625 250
354 248
557 961
463 854
190 698
697 582
449 888
502 828
350 444
943 201
452 596
126 391
142 424
273 335
679 707
719 438
918 392
166 621
776 433
944 531
595 200
628 739
899 461
774 715
796 579
379 839
956 707
37 609
258 334
166 847
71 86
379 820
505 625
443 295
100 845
512 516
842 483
606 600
771 549
716 844
23 275
360 278
237 592
21 447
371 950
106 480
589 268
419 620
115 445
300 281
46 973
824 483
81 835
391 515
380 158
95 741
77 858
492 806
125 590
426 491
303 46
316 613
173 940
479 205
726 184
29 136
468 973
869 939
769 625
850 948
293 275
872 220
354 835
344 277
507 867
290 967
796 477
709 812
173 531
711 210
248 736
1000 719
14 433
536 689
598 307
430 417
587 46
240 979
791 952
903 674
170 546
139 561
819 435
145 352
991 657
351 630
265 863
453 34
610 487
921 368
886 280
870 957
597 731
176 649
32 685
641 625
831 802
135 875
233 345
876 501
70 324
310 503
738 498
499 442
562 164
926 669
90 613
883 288
277 103
745 888
542 589
779 429
232 430
656 304
106 395
534 317
842 519
310 17
263 407
993 666
45 284
410 683
600 831
858 529
694 139
185 873
206 977
172 161
117 571
896 109
369 341
132 567
81 89
7 881
66 303
551 832
33 414
414 781
16 716
897 373
424 781
2 233
899 13
963 980
507 432
617 345
191 202
986 14
775 376
977 833
762 553
469 101
942 813
915 119
22 735
630 608
980 260
27 375
193 99
817 873
711 289
752 478
147 846
960 66
43 737
373 874
669 813
943 306
201 569
780 469
666 342
319 939
315 172
13 154
199 572
131 211
170 631
585 620
841 193
841 506
678 231
257 537
11 534
763 397
175 363
514 419
698 708
36 931
952 556
718 643
758 128
690 160
856 136
395 772
879 884
24 986
757 72
974 362
170 815
261 868
957 519
837 49
729 600
676 897
755 728
737 101
779 376
357 860
825 120
968 399
181 430
625 808
442 58
64 632
734 921
546 295
529 691
517 742
664 166
276 52
850 881
778 146
817 376
154 254
897 288
864 829
756 379
370 10
579 450
953 659
13 607
413 30
128 402
423 229
144 485
727 59
513 865
626 170
997 337
798 770
587 733
458 411
55 879
259 582
557 681
83 778
464 760
798 685
460 198
181 693
185 884
719 91
778 697
943 353
341 63
624 693
397 381
382 645
218 426
910 330
428 897
69 581
964 851
786 111
786 171
91 729
590 988
730 432
491 396
697 553
75 845
347 992
768 705
614 818
434 36
787 536
844 543
59 433
558 981
671 606
247 760
503 658
767 481
533 665
71 430
58 635
19 755
81 682
707 697
460 871
124 776
783 765
571 459
808 7
117 141
50 886
303 536
680 193
816 385
466 6
890 304
144 270
608 803
183 167
645 926
927 36
497 629
774 409
10 314
11 79
394 93
488 880
197 936
237 619
128 161
349 637
660 199
669 399
10 28
138 41
384 594
731 250
966 775
97 620
823 650
339 756
918 762
191 44
854 740
158 319
566 168
180 275
237 798
789 647
481 788
372 727
712 364
795 260
700 841
704 976
617 273
375 33
947 672
566 458
436 219
152 530
852 739
457 559
730 195
924 486
401 213
863 429
593 697
209 688
781 618
394 834
78 988
971 68
184 274
791 689
60 445
688 93
265 759
50 327
736 874
364 107
934 219
732 465
614 847
606 227
364 250
936 267
221 287
192 11
984 23
378 810
967 310
814 534
370 970
97 130
60 114
408 723
800 441
838 33
589 997
972 669
629 420
496 736
480 229
562 95
712 560
123 835
452 779
244 245
724 191
136 928
457 868
314 999
724 368
228 673
304 145
656 70
585 96
812 803
326 518
21 220
496 861
525 668
943 765
585 497
808 230
955 195
81 850
229 426
547 13
324 498
664 879
556 197
974 76
973 960
870 429
123 499
985 949
108 828
159 448
641 65
401 740
675 627
627 104
572 575
615 675
214 304
307 718
508 85
129 902
461 361
780 739
489 608
256 271
294 331
910 641
802 278
930 323
750 64
200 636
266 667
938 182
226 740
981 884
809 675
55 855
522 792
482 461
209 515
66 140
966 108
950 928
790 821
652 814
246 397
211 797
288 237
400 503
716 165
937 144
723 643
317 110
13 885
273 8
735 104
389 690
502 197
766 950
779 915
944 522
986 70
382 782
738 62
369 641
139 385
553 243
130 68
704 97
692 756
303 611
961 583
718 582
724 211
227 797
999 107
729 579
604 377
676 94
736 289
310 500
357 807
874 211
324 48
702 933
404 232
595 215
633 264
67 366
927 252
620 514
931 249
997 888
300 472
85 798
295 640
940 8
688 113
878 59
409 624
121 702
128 24
312 357
534 656
472 619
659 449
592 876
43 36
232 107
769 690
902 987
741 214
815 691
302 866
449 510
510 992
752 753
894 908
476 832
451 357
298 156
62 205
468 812
142 37
751 739
369 151
464 571
571 994
616 333
84 355
891 853
692 866
255 474
554 143
193 317
302 137
585 531
323 856
420 252
295 960
340 427
223 980
164 249
381 430
274 617
792 566
596 228
999 169
336 797
460 979
762 319
798 917
763 746
840 413
97 525
827 137
205 565
71 95
796 644
943 599
140 928
326 694
862 669
385 15
222 764
524 62
747 335
295 405
491 318
297 852
7 33
101 326
474 666
174 481
15 554
915 760
400 521
628 105
208 404
804 323
682 493
968 110
676 679
664 167
559 874
713 446
110 206
898 536
629 754
940 131
216 733
566 205
223 506
924 911
891 324
531 791
180 431
255 981
23 221
747 411
904 419
940 417
303 419
179 109
159 847
518 386
977 940
191 382
929 833
937 462
958 468
482 501
84 417
691 763
892 328
711 260
948 202
36 524
660 582
425 115
578 91
515 694
134 820
302 314
123 747
71 139
369 623
188 421
155 212
466 921
396 154
490 717
752 40
291 948
748 237
494 993
282 209
410 10
672 361
857 675
474 889
292 42
286 927
22 151
153 804
656 189
141 315
92 303
760 808
629 112
779 697
139 294
638 486
144 496
635 917
462 248
724 779
836 973
139 183
272 340
906 671
45 65
174 415
289 759
698 797
767 751
817 185
488 881
927 949
376 966
852 216
509 886
720 475
149 325
885 715
355 624
689 336
391 648
216 778
397 843
536 509
169 756
722 280
381 429
988 635
792 150
976 147
261 61
265 58
927 520
312 227
939 182
172 543
93 302
699 726
612 29
26 856
977 904
263 557
688 581
674 936
939 340
138 765
748 988
200 910
530 777
398 300
49 939
674 145
994 431
523 290
654 235
506 245
538 369
661 993
866 85
443 780
389 750
933 481
607 222
245 57
644 691
182 538
165 728
59 333
978 669
481 147
926 901
124 813
914 609
767 230
595 657
771 134
209 446
374 625
434 698
280 720
975 489
615 54
675 485
548 125
699 507
883 326
762 435
404 213
31 470
732 916
788 691
58 80
23 658
119 697
564 858
926 321
485 63
949 992
538 841
480 657
301 989
977 40
6 50
871 588
589 155
40 641
885 848
134 150
82 607
670 100
86 895
553 890
147 233
864 597
578 735
222 567
981 642
677 860
765 299
821 105
697 59
899 659
748 546
605 935
768 282
454 925
570 922
627 679
720 3
294 42
652 856
285 941
826 755
976 25
711 351
136 35
458 486
174 607
839 411
999 696
679 306
313 653
278 756
504 588
503 390
315 256
222 58
460 635
870 710
40 189
204 227
832 137
580 831
227 721
139 563
303 780
37 336
667 631
297 419
631 680
27 838
47 267
779 401
328 455
752 462
623 964
563 412
491 370
762 280
581 292
951 342
516 401
10 526
905 926
11 859
804 148
788 625
115 863
914 14
870 157
232 513
177 384
949 546
490 217
570 732
811 705
222 656
286 132
906 855
409 853
874 99
159 129
253 102
327 803
82 398
546 257
917 166
573 772
65 705
173 765
931 470
38 572
224 690
261 339
319 45
656 623
713 530
171 708
327 726
612 352
319 946
871 705
622 313
212 997
328 964
313 350
78 606
395 316
303 383
485 632
919 577
369 902
164 550
187 911
920 592
649 182
208 674
356 634
415 17
472 87
421 34
541 273
924 415
908 564
435 250
899 40
210 582
123 703
459 593
425 833
743 449
121 82
598 460
801 686
839 818
953 903
442 388
26 199
597 780
508 645
658 247
952 669
112 394
455 954
654 620
657 312
343 565
224 163
576 392
336 941
558 8
447 587
700 209
694 472
969 207
698 919
989 148
67 700
990 371
50 426
737 212
941 418
376 828
110 493
201 439
277 922
595 867
673 573
157 324
859 854
93 530
902 422
134 60
870 362
518 214
974 308
300 932
