812 2706
302 11
125 786
538 317
23 264
761 633
117 8
121 642
801 486
453 760
343 385
552 710
475 764
593 433
573 688
176 677
89 293
254 482
684 517
167 371
79 253
616 125
246 296
298 699
51 298
224 339
24 787
223 605
210 15
526 708
283 306
658 401
802 774
299 402
671 63
430 619
477 233
408 69
356 336
620 799
470 775
163 422
808 348
607 547
40 315
78 701
427 48
551 35
184 709
756 331
448 202
214 710
161 672
236 156
734 248
186 664
762 225
569 473
145 703
733 726
316 61
523 440
797 57
711 471
269 726
111 471
5 70
317 340
744 629
232 159
516 163
479 416
729 811
253 626
145 295
588 525
735 243
738 594
332 249
99 779
578 737
775 441
402 574
101 575
395 383
750 729
300 304
505 40
601 616
399 55
296 578
135 59
176 611
215 265
217 90
460 644
147 204
481 733
206 553
689 110
563 267
284 371
400 527
790 187
205 633
338 154
802 182
195 796
89 257
346 807
183 6
402 478
70 614
90 288
36 456
63 24
673 649
159 757
411 261
655 606
220 440
464 516
250 29
791 574
495 103
120 513
161 803
545 107
270 188
442 602
706 222
390 160
107 154
474 740
491 590
311 268
494 20
481 33
488 472
304 550
225 380
53 27
769 346
594 132
667 141
337 245
656 154
394 385
715 591
459 420
715 697
718 616
264 290
356 648
218 681
310 494
534 804
116 41
377 430
431 581
358 623
142 520
767 641
310 409
538 507
553 781
706 72
799 496
752 78
196 603
531 728
625 24
610 473
261 604
484 363
178 759
801 405
639 70
159 317
770 137
311 43
74 270
583 48
252 142
62 42
436 178
220 793
369 516
182 698
66 179
247 602
749 729
170 549
23 142
443 305
601 756
283 808
361 88
586 502
127 42
630 290
116 281
334 720
43 542
427 296
672 78
565 445
680 713
592 603
148 73
386 812
82 309
799 704
488 559
323 37
630 539
282 547
559 810
564 189
213 73
395 90
626 465
435 438
784 782
275 512
778 34
356 583
602 411
287 274
346 439
475 217
498 231
500 700
638 421
394 442
329 787
225 611
525 419
543 516
175 227
341 156
107 316
168 115
573 583
525 649
247 198
509 81
798 252
777 469
726 581
414 476
309 229
744 687
334 757
682 784
330 485
591 309
205 90
540 662
689 703
154 255
248 14
357 111
658 297
255 446
274 30
119 628
22 446
315 416
337 296
318 282
218 371
502 333
196 552
783 163
805 525
768 194
97 483
272 556
169 603
722 633
317 126
411 690
213 258
765 309
752 129
271 747
322 339
424 124
282 653
146 278
255 616
515 632
696 439
14 676
92 13
157 455
456 267
56 272
85 733
275 601
647 691
499 162
122 17
602 170
682 713
277 729
81 198
130 361
136 311
137 143
215 488
244 72
603 515
531 72
71 789
60 496
154 54
374 208
709 147
56 685
470 73
39 43
133 599
596 401
504 546
598 660
268 340
488 269
587 555
570 410
330 422
497 449
65 722
531 557
288 489
553 51
807 360
151 126
603 536
13 121
514 446
456 682
326 597
679 644
611 415
539 426
276 700
298 276
503 461
748 489
306 340
629 172
243 6
406 342
528 413
620 358
195 766
548 350
397 49
492 292
510 95
178 19
464 76
147 317
131 106
129 248
120 687
229 270
688 505
308 293
239 654
761 631
137 448
636 388
603 654
163 298
659 477
578 246
86 619
195 743
51 106
514 219
382 13
259 578
95 285
151 592
280 178
463 674
335 724
306 146
273 802
401 245
754 614
95 418
744 390
577 343
383 384
743 327
502 677
485 441
93 14
310 572
349 420
226 571
322 563
382 52
58 797
184 592
771 756
77 752
316 552
561 83
728 141
377 97
16 206
608 808
404 752
314 472
498 534
743 800
446 270
375 380
12 282
641 334
381 85
589 91
811 538
632 450
280 343
724 40
47 595
52 251
329 493
113 652
254 439
669 116
132 708
391 775
31 666
10 396
734 479
772 184
558 34
105 736
801 560
736 212
701 127
131 532
150 272
798 554
124 577
433 153
141 168
293 535
760 404
426 575
62 353
237 623
589 410
716 230
590 326
193 682
433 123
370 789
769 84
647 719
403 705
706 242
504 432
394 179
2 557
237 476
402 742
569 387
411 604
491 337
680 482
278 47
481 731
9 169
462 589
667 371
356 525
341 713
505 256
148 175
262 83
248 222
283 506
692 281
329 317
109 270
10 27
230 109
507 287
379 678
352 694
377 229
639 654
620 556
733 572
315 171
405 208
500 229
176 56
485 2
196 766
155 749
249 451
202 299
367 34
298 397
63 496
121 345
658 157
364 254
338 481
390 174
530 278
380 30
716 608
776 319
741 51
190 267
87 129
555 748
197 604
83 521
550 63
93 726
59 167
382 650
410 263
653 201
430 759
416 727
642 122
348 95
648 386
596 643
614 358
561 362
10 723
581 795
530 273
568 164
384 261
38 56
245 626
624 715
396 596
271 536
92 203
384 180
60 778
612 303
8 693
65 495
147 407
572 7
294 175
573 741
740 75
335 219
104 792
284 497
512 303
531 359
255 389
60 616
741 468
373 543
82 723
500 582
412 538
533 387
791 742
521 307
419 110
229 326
67 202
604 438
408 1
408 122
483 154
660 176
697 747
661 469
67 207
257 455
27 325
468 669
69 441
345 206
508 419
293 278
131 721
189 666
723 11
60 126
246 195
324 672
696 412
582 637
34 367
309 146
519 349
737 430
486 449
270 690
127 367
409 500
100 725
157 260
285 463
381 657
610 605
535 240
747 574
390 321
482 702
766 470
291 329
805 538
718 672
427 147
432 38
657 456
253 551
751 471
477 370
56 127
103 496
730 452
514 697
414 574
18 383
111 558
682 790
77 149
186 569
230 552
461 54
228 714
379 405
716 556
610 596
294 35
519 83
207 317
27 542
484 693
625 452
607 651
42 773
597 315
728 560
395 796
268 500
458 187
811 46
406 774
744 219
249 278
379 96
236 705
664 658
510 501
369 181
246 783
284 616
265 740
766 369
337 303
485 266
85 769
40 53
496 226
132 16
353 709
666 238
70 716
128 253
56 266
523 94
370 256
632 520
686 368
211 497
57 237
204 68
50 691
671 373
175 240
584 762
362 425
128 353
681 27
683 581
687 734
394 655
87 526
372 302
376 372
18 473
276 436
280 634
9 234
686 812
211 601
251 75
275 12
7 270
658 280
531 401
684 690
24 163
562 520
802 110
454 782
572 799
598 98
281 370
628 102
224 319
215 523
156 1
551 493
698 539
240 100
402 399
775 184
706 321
212 605
304 214
643 473
586 641
199 177
609 61
497 782
578 197
6 14
211 210
713 207
609 593
494 691
428 254
105 805
307 97
309 269
312 84
203 400
296 270
244 716
209 775
395 137
50 667
235 771
179 526
790 457
58 351
462 340
537 612
692 795
490 735
326 562
755 732
171 639
503 340
144 224
612 287
133 567
417 69
615 770
706 634
691 287
157 28
751 505
218 599
309 193
20 276
574 232
760 495
189 427
357 58
413 653
394 577
657 311
276 48
206 380
463 685
669 605
604 343
269 570
346 188
491 630
457 810
294 436
518 281
459 577
464 660
708 277
763 415
606 59
390 147
403 28
712 412
498 162
355 202
545 475
216 132
78 166
115 32
95 136
335 240
780 419
586 555
471 618
535 284
457 661
683 521
150 175
646 485
394 692
392 419
376 296
486 797
98 192
750 710
452 225
153 670
776 610
157 545
16 183
287 689
595 429
425 786
707 305
581 130
140 259
68 800
110 682
369 170
280 304
528 791
359 30
489 670
642 332
755 800
769 796
746 4
546 784
546 477
394 491
252 427
700 41
721 801
649 407
544 80
31 276
375 591
459 80
332 418
742 263
389 805
407 586
67 64
12 711
325 242
270 88
210 255
235 710
310 34
520 482
191 176
487 254
803 562
588 260
679 95
77 57
496 441
684 426
337 17
246 117
327 767
486 105
180 54
422 516
94 41
387 652
662 682
232 611
187 758
550 170
73 310
455 434
537 103
130 639
478 81
105 101
341 780
70 783
331 369
423 463
9 757
249 216
412 41
469 483
438 199
353 138
704 670
154 755
410 717
619 454
27 503
656 529
134 707
327 512
573 521
189 170
618 242
655 445
2 184
699 514
519 328
153 763
32 218
140 603
644 484
171 375
463 392
283 459
582 635
231 619
253 431
588 137
383 170
755 85
78 298
136 162
50 421
124 444
127 81
271 284
114 198
3 572
44 651
376 334
528 312
752 22
711 663
285 624
36 554
464 776
475 244
312 722
169 628
81 650
281 307
436 713
609 156
664 289
499 308
786 473
805 75
718 82
59 44
387 629
482 311
635 231
190 561
636 148
658 799
750 148
473 168
456 80
594 311
499 82
319 553
231 236
70 737
532 1
578 707
759 207
429 201
414 120
454 456
578 539
457 128
393 803
286 808
487 153
437 741
388 63
676 487
487 693
626 473
93 339
38 43
25 601
217 705
42 508
248 147
467 444
394 100
710 93
269 665
237 580
705 133
175 486
424 564
560 187
502 198
488 230
514 558
213 412
695 754
519 85
769 220
689 167
16 791
220 495
204 369
149 464
193 509
116 613
707 90
377 342
382 705
535 42
578 725
498 686
450 407
719 174
797 230
528 459
14 240
550 636
57 408
767 9
403 315
298 175
482 448
304 629
487 683
256 727
188 223
217 134
788 128
392 700
693 13
289 788
471 691
37 100
635 727
25 786
748 336
450 257
568 270
322 321
402 105
168 124
224 9
699 52
523 595
584 579
70 690
715 382
221 574
756 223
264 233
504 344
643 423
153 349
636 465
269 353
142 772
329 771
737 561
438 773
687 430
801 253
531 545
417 542
35 91
92 595
678 238
75 496
773 420
499 595
701 611
525 693
268 21
677 809
752 299
311 554
529 165
519 411
558 146
724 126
671 657
530 445
252 481
573 367
463 721
716 487
525 131
242 29
632 750
248 472
503 652
144 558
677 412
45 66
181 717
573 561
207 184
763 53
252 393
804 430
792 653
559 324
784 485
265 120
753 31
69 509
627 284
368 566
100 367
799 687
123 13
674 406
296 38
398 342
305 808
425 4
127 105
738 523
81 788
559 476
778 536
229 404
799 461
622 771
130 763
184 778
259 389
426 488
603 239
75 736
684 530
558 15
430 457
149 559
665 318
167 463
208 772
799 112
195 542
161 111
110 186
208 659
335 69
437 152
812 530
132 754
352 499
26 124
119 610
513 41
234 769
220 186
699 203
617 570
407 115
179 285
326 97
763 179
477 438
406 516
652 433
448 255
214 715
36 105
395 128
775 565
232 801
234 761
523 797
260 259
99 317
96 27
765 795
308 23
121 20
688 605
50 391
138 663
145 409
330 730
221 430
385 448
812 425
449 248
235 715
605 456
425 119
247 501
763 516
603 811
612 576
764 48
270 167
226 244
292 781
293 153
556 127
482 205
759 463
708 66
306 417
661 212
135 198
433 724
286 182
785 194
322 542
186 106
4 217
460 471
116 676
642 599
690 650
33 56
362 158
89 638
187 530
648 330
155 48
153 535
687 86
48 632
783 547
716 620
311 290
169 759
482 387
475 524
93 546
69 252
570 722
475 224
277 495
406 205
652 736
113 158
769 50
549 54
223 354
322 81
485 547
316 124
686 536
769 476
668 179
617 250
377 688
195 428
649 173
715 466
3 606
98 279
292 539
340 147
674 194
507 127
422 450
471 664
420 811
98 93
243 553
580 518
802 520
267 745
661 126
517 340
422 642
486 687
198 430
270 43
457 443
759 540
389 434
543 665
15 422
734 671
473 641
383 386
406 682
532 227
368 777
684 588
445 651
390 20
201 152
576 508
795 87
267 485
289 557
161 720
490 230
792 121
131 626
237 704
41 507
297 1
476 514
231 71
421 399
366 783
662 456
477 792
387 16
279 6
211 542
485 131
140 546
397 119
611 290
734 416
664 551
737 55
76 109
318 808
445 160
473 308
230 707
144 367
529 6
656 544
587 61
738 603
157 82
767 393
474 800
36 420
266 597
652 644
247 794
620 221
587 89
381 549
313 317
722 214
372 483
89 166
532 669
511 731
797 132
247 205
253 230
108 146
26 544
168 780
376 783
163 585
733 354
626 297
5 247
395 686
510 23
746 219
522 773
680 688
345 480
606 701
4 87
188 193
670 493
101 315
465 662
654 482
693 146
570 760
615 262
35 648
625 547
789 426
600 47
711 459
811 440
335 325
236 398
573 9
445 203
30 639
489 113
726 606
535 518
432 771
115 318
188 517
484 444
141 238
273 544
663 532
619 558
303 388
215 173
805 808
568 724
258 445
722 524
355 384
397 720
614 560
456 553
532 682
194 686
224 312
332 736
793 389
667 242
119 744
45 133
377 359
294 434
680 444
185 437
21 108
131 785
32 666
797 70
619 551
11 138
267 228
119 195
662 495
36 677
669 631
213 496
161 234
21 147
404 442
408 659
651 260
542 812
158 233
254 630
31 26
686 270
688 665
550 644
730 553
144 411
533 607
625 160
799 252
712 99
108 737
287 615
294 385
630 47
225 305
155 304
484 23
450 131
621 413
234 161
757 275
372 748
428 590
713 744
578 310
778 340
484 312
637 494
13 148
345 726
534 131
662 505
244 630
229 76
798 674
643 767
500 271
566 244
161 664
787 265
201 289
718 645
129 183
461 314
445 64
182 640
656 283
343 399
770 665
42 461
522 514
241 338
545 440
16 68
567 412
145 29
498 708
423 388
339 803
696 24
712 732
436 366
494 412
479 72
391 417
730 150
110 518
1 210
457 125
40 19
422 258
371 86
463 51
393 664
652 616
798 583
395 454
324 416
749 566
697 688
793 223
478 3
428 134
729 71
323 104
804 663
517 736
809 498
100 368
27 22
121 298
177 72
569 164
71 289
181 694
112 611
645 7
721 417
69 256
380 109
384 770
463 684
431 756
555 224
593 632
150 615
117 133
322 69
774 346
397 32
258 403
611 547
98 544
287 433
270 76
770 502
519 642
611 253
501 402
716 583
447 714
321 639
177 466
71 96
239 697
661 758
276 482
260 526
66 439
394 494
488 477
35 755
199 369
75 242
457 563
385 318
26 402
634 280
653 162
361 769
415 740
306 792
588 359
111 31
539 621
464 757
162 270
680 794
111 140
534 294
95 413
170 427
781 584
318 302
446 227
620 108
382 694
146 176
294 311
766 509
237 546
674 634
646 171
758 428
723 305
119 584
717 750
765 812
312 534
784 291
118 501
317 795
671 237
244 445
636 308
383 158
505 404
438 21
791 100
428 544
359 731
490 518
92 291
176 713
21 607
26 811
671 190
712 506
640 375
126 198
700 356
636 227
732 693
332 628
664 55
557 799
10 771
265 172
708 192
714 606
17 262
127 487
573 639
668 35
306 690
398 451
456 326
239 581
402 331
611 59
791 210
789 611
542 144
250 685
198 112
332 719
719 600
406 568
454 628
543 270
694 293
291 744
805 756
717 7
737 262
195 805
32 279
488 313
475 725
131 128
6 609
390 21
692 490
693 808
381 643
184 193
718 404
555 82
496 312
778 767
760 46
420 612
366 103
739 715
761 237
63 630
143 4
665 669
479 296
320 175
764 560
213 353
503 438
360 672
770 577
384 533
799 277
747 236
124 326
233 524
716 463
77 120
189 670
5 625
218 804
699 157
558 439
393 26
391 515
470 599
751 564
720 670
39 600
647 135
618 718
379 555
486 461
261 213
592 498
539 285
67 406
779 37
38 533
442 616
80 352
294 584
283 178
602 661
324 80
533 319
130 515
560 503
556 663
434 726
234 593
555 613
367 67
118 101
464 297
141 18
416 767
182 267
756 273
373 750
137 301
673 406
675 406
605 414
90 256
113 225
254 674
631 99
118 338
299 532
504 332
549 700
760 68
18 491
36 447
734 205
628 592
280 616
741 746
759 223
799 804
125 21
751 321
590 524
50 801
467 396
56 219
489 231
185 209
518 253
685 153
81 96
462 50
467 622
673 431
429 15
17 323
16 725
493 243
644 329
205 507
116 622
372 219
623 385
428 21
639 605
772 68
442 348
390 532
667 47
713 306
300 801
450 287
103 635
783 501
186 261
750 170
546 568
467 170
412 633
569 247
261 151
41 334
4 70
258 777
260 549
691 251
729 428
658 455
624 64
291 284
437 293
479 373
173 714
651 691
88 467
109 429
614 416
209 479
743 4
411 807
726 649
414 702
470 247
516 223
203 185
332 483
278 803
264 718
634 725
126 771
767 787
435 401
677 189
667 202
317 2
136 530
563 576
507 73
364 35
803 18
730 566
747 636
122 373
170 631
132 169
634 365
542 274
798 231
640 193
162 720
646 508
778 652
509 675
369 464
277 455
793 406
429 705
308 149
219 370
403 123
3 670
79 124
454 539
597 68
157 770
505 719
15 595
694 705
812 728
175 131
88 27
217 531
770 490
162 31
520 371
315 638
328 342
338 415
563 439
436 621
521 111
777 501
782 558
691 206
603 653
659 322
4 194
443 41
173 128
563 776
747 39
50 662
89 478
590 36
771 650
222 2
77 762
742 286
182 562
638 784
768 457
112 216
355 477
449 236
777 589
644 46
142 708
531 90
224 337
205 273
245 453
209 748
410 170
585 435
622 776
309 275
511 262
24 552
4 201
62 451
230 490
749 379
286 169
298 663
284 582
412 120
805 581
451 498
371 580
371 177
600 441
532 83
184 683
544 470
598 153
717 250
352 396
153 205
318 31
639 500
214 92
421 460
607 106
318 341
377 477
602 61
779 373
611 322
431 333
629 138
24 130
336 559
784 389
564 113
697 779
183 784
477 648
667 376
794 352
99 106
239 553
666 560
544 796
78 535
351 735
796 179
233 396
637 497
657 294
782 500
787 639
717 655
672 496
30 549
380 13
589 255
339 554
556 451
811 272
40 144
652 417
356 435
704 404
332 562
42 277
662 786
649 657
249 354
76 145
443 765
15 506
444 791
610 308
418 182
627 140
612 728
597 423
135 375
342 695
366 542
58 471
404 372
23 104
541 160
248 260
672 811
401 538
76 727
592 376
361 250
45 204
88 626
807 472
349 395
82 339
584 678
178 309
604 204
17 46
14 713
435 670
277 532
812 1
559 162
651 584
692 404
328 730
534 41
667 5
7 496
48 301
303 154
785 178
21 758
759 253
65 17
546 490
557 439
536 598
719 206
758 447
686 438
366 27
308 546
238 313
592 72
132 187
522 462
28 417
487 651
272 440
220 627
403 213
385 546
428 384
653 430
705 654
250 797
788 683
108 422
203 600
573 631
108 515
433 571
809 334
756 579
154 26
85 738
502 240
710 309
782 539
676 58
62 632
30 513
144 720
319 761
590 723
623 215
684 364
812 390
498 561
352 50
502 612
431 777
395 443
566 189
456 187
168 186
425 391
515 680
263 591
794 347
610 724
420 272
174 227
657 621
478 294
641 65
789 628
719 696
765 716
799 622
350 680
167 575
574 414
351 180
105 263
489 45
643 588
315 178
117 194
742 441
441 496
626 6
363 251
86 62
371 331
262 494
27 32
713 495
146 536
146 485
171 106
169 796
781 200
32 4
341 6
713 632
382 472
790 382
442 472
406 706
188 625
67 183
731 563
753 404
717 49
556 292
119 251
467 778
525 543
657 718
19 41
21 448
78 580
7 696
288 6
415 13
272 277
592 751
330 90
439 582
191 395
634 12
601 778
624 613
774 788
574 546
617 761
30 304
565 513
732 77
382 153
364 508
186 594
280 617
153 797
246 578
218 273
378 544
277 132
188 500
192 522
409 623
600 289
161 182
766 370
112 134
41 315
703 201
390 129
525 303
340 414
797 417
470 179
35 63
738 610
41 722
558 457
212 208
621 65
240 681
373 776
474 33
36 728
113 507
227 184
389 233
433 508
513 122
586 656
505 649
43 151
213 696
118 76
88 182
162 334
170 363
6 424
799 467
603 697
715 522
290 234
288 681
594 531
479 372
543 21
682 715
42 554
704 595
317 661
399 551
767 728
662 742
96 387
649 257
208 433
505 542
309 433
217 100
750 190
331 405
663 695
648 319
243 453
138 692
514 344
259 408
387 239
480 731
278 514
262 135
393 756
724 424
36 155
224 171
540 737
137 178
446 388
138 546
658 276
532 774
680 142
493 332
148 428
97 662
132 550
574 469
336 580
152 593
283 300
296 808
256 703
757 619
734 768
509 531
719 286
432 799
390 766
587 558
215 737
552 614
572 391
723 438
51 81
86 118
483 29
745 401
598 454
674 56
167 21
371 83
285 202
370 518
684 638
218 470
622 188
514 221
203 222
720 68
132 645
635 652
771 496
480 386
462 22
528 806
564 567
511 277
415 297
770 808
666 361
478 459
758 580
751 261
651 610
148 603
432 186
258 592
208 395
155 763
51 442
395 329
381 160
293 148
115 460
11 313
264 590
473 560
155 281
266 755
746 441
384 610
106 79
770 758
456 733
84 592
613 738
286 218
87 336
568 530
54 411
114 398
725 734
391 190
587 24
145 13
436 207
524 527
745 507
407 560
600 274
162 190
81 56
37 723
518 276
60 111
635 190
581 475
564 48
515 440
792 425
133 549
483 672
444 682
639 186
62 648
35 264
570 773
56 312
239 552
205 584
578 280
759 134
799 767
246 312
530 407
626 44
705 667
427 54
530 294
486 193
777 391
409 298
249 43
393 398
69 240
182 561
240 57
741 148
28 142
30 371
636 223
666 568
811 106
81 134
448 57
777 742
660 112
127 679
769 431
156 445
94 465
23 506
135 732
251 214
306 10
327 85
325 480
331 508
520 737
462 551
466 145
786 637
75 600
704 8
136 495
247 664
52 214
630 655
152 740
374 434
89 28
512 132
107 344
434 648
736 707
809 25
167 276
372 569
391 641
305 746
144 168
218 284
496 214
385 552
207 690
743 273
87 169
749 640
96 250
715 304
198 477
447 368
698 613
610 780
345 37
497 58
443 66
542 472
66 524
620 719
311 75
539 626
81 1
504 451
436 76
268 497
588 29
699 482
442 121
758 94
590 301
722 413
540 436
335 40
215 427
140 509
364 662
108 572
169 91
389 304
502 780
449 7
783 394
470 494
623 715
132 598
760 140
282 539
658 343
732 172
128 469
147 371
169 162
370 88
446 157
290 377
333 309
11 679
140 500
503 432
675 195
622 133
588 301
112 456
683 3
398 419
482 320
190 682
463 810
656 47
305 87
722 483
587 50
328 176
38 773
58 377
701 721
723 9
101 112
693 284
568 176
648 200
299 536
340 497
34 337
201 538
550 809
516 284
702 768
122 405
327 15
472 483
26 454
486 708
715 510
408 556
97 494
180 328
767 692
329 581
751 718
777 429
485 363
226 356
533 727
261 591
10 692
465 44
85 779
452 318
310 323
544 729
538 89
613 625
460 714
572 590
487 686
622 554
437 416
337 321
707 94
28 565
405 422
436 421
774 367
157 359
268 251
434 130
197 614
54 684
461 49
117 643
307 695
108 188
788 625
457 775
168 121
527 307
565 247
566 239
410 77
139 441
644 710
60 811
317 554
85 797
156 803
231 473
20 437
715 603
610 761
627 269
242 277
747 802
429 65
323 25
73 495
132 142
748 107
566 230
344 801
325 257
628 494
575 807
519 212
741 68
212 291
448 756
268 717
782 676
610 503
59 359
79 423
541 280
251 508
569 28
441 761
574 320
687 628
523 511
675 318
289 785
470 260
221 333
441 404
630 614
355 68
193 468
595 467
729 765
604 804
489 782
381 808
534 539
386 744
519 262
118 165
101 339
763 615
168 235
529 227
343 591
164 66
130 741
644 692
742 617
393 763
233 417
88 103
804 613
142 324
303 323
114 506
794 104
703 150
690 393
505 2
784 78
511 789
188 113
411 632
505 550
587 278
382 508
757 272
649 626
46 2
764 358
408 617
474 214
401 38
735 754
447 433
471 47
182 381
402 63
114 501
439 525
761 790
564 698
466 621
752 4
44 696
197 162
781 160
394 353
233 799
396 125
641 381
480 208
305 253
612 285
812 335
253 741
562 396
25 317
457 388
527 638
697 249
400 604
702 721
481 220
727 358
140 534
641 596
627 745
628 153
740 581
566 83
310 797
645 561
