1000 9881
79 789
346 33
717 110
419 695
912 331
280 335
751 947
561 595
213 288
30 686
488 353
17 765
381 746
973 294
955 807
351 470
482 259
583 683
588 195
80 298
138 710
857 230
971 90
165 239
847 967
369 780
761 514
62 377
398 863
327 143
455 346
407 23
675 831
285 695
363 187
791 909
369 622
882 229
658 135
112 200
502 445
231 209
892 781
633 907
61 370
657 380
583 269
456 340
700 47
258 502
442 267
940 766
966 302
106 47
862 638
520 763
888 21
413 956
769 140
976 584
444 674
345 655
54 33
976 999
78 171
81 133
888 243
581 816
43 321
797 376
214 298
290 506
919 965
132 521
423 58
560 452
869 70
73 454
321 464
20 326
445 975
341 782
267 615
878 95
751 983
886 570
388 177
850 516
7 601
88 739
584 680
787 13
494 471
995 366
902 974
159 53
967 236
497 354
133 276
338 806
676 893
375 321
857 194
914 810
182 991
131 271
118 237
338 994
984 251
13 847
394 979
790 521
494 672
190 53
335 356
166 903
924 455
528 536
322 529
288 417
199 821
244 930
705 208
62 631
819 88
503 707
895 205
537 911
829 258
273 978
875 145
633 935
585 772
676 213
895 35
219 514
573 315
426 872
558 209
500 25
850 98
1 356
898 234
779 309
737 230
672 963
823 36
646 551
496 863
626 672
408 145
249 633
170 311
237 700
290 806
258 623
867 945
876 705
271 663
988 907
310 187
665 472
371 955
262 62
447 502
218 638
413 162
200 305
174 743
989 623
702 632
684 35
10 62
94 776
42 367
588 929
603 2
626 364
378 95
756 556
650 241
816 173
284 343
657 715
933 622
592 928
60 654
258 552
89 170
949 468
636 168
450 877
492 240
256 734
701 484
726 921
89 68
678 28
558 710
283 36
377 449
175 114
583 913
566 865
679 386
403 639
743 591
13 196
809 125
459 692
652 413
1000 976
732 659
640 769
435 447
566 781
900 723
793 342
616 640
247 674
306 176
948 711
218 932
779 627
433 51
771 215
666 35
543 390
45 998
604 379
987 613
36 255
828 371
991 961
389 334
196 485
76 659
955 112
153 430
409 852
305 347
932 640
864 54
839 182
172 13
267 227
828 960
479 628
115 325
524 457
570 123
797 288
490 368
994 974
8 719
815 716
542 12
530 556
968 929
165 415
985 623
919 866
261 116
134 258
449 508
674 783
837 833
329 774
682 770
294 196
78 607
320 591
325 722
291 933
735 283
578 450
268 630
307 232
15 219
626 502
283 147
449 143
429 268
35 722
447 580
697 812
296 262
740 705
429 598
711 64
542 85
255 452
681 245
293 231
191 792
840 850
13 232
680 827
698 274
93 282
889 491
139 606
123 559
966 33
970 44
852 72
50 254
865 195
847 471
614 454
689 797
482 629
802 724
486 85
676 237
773 175
477 270
461 649
633 200
504 404
159 70
110 656
187 153
830 463
661 898
96 221
549 915
666 217
104 696
943 695
240 475
37 792
738 759
408 120
962 547
690 626
285 270
125 207
418 145
669 424
335 724
832 809
459 500
856 832
604 818
536 18
749 913
591 564
523 316
728 746
621 721
731 433
859 228
761 950
1000 78
543 582
857 459
488 354
678 747
804 135
22 427
65 232
924 153
646 614
83 171
934 35
94 284
701 300
566 702
610 870
739 86
463 894
639 497
730 447
930 845
992 682
190 621
925 966
832 701
115 730
574 503
26 169
818 957
798 436
709 835
499 680
740 938
889 112
796 964
399 821
607 410
978 68
573 278
939 980
547 423
509 304
951 409
864 289
420 327
439 165
496 933
997 587
560 882
185 603
707 570
82 490
210 183
55 490
93 851
850 46
674 256
231 741
289 870
903 73
390 36
689 117
696 252
292 718
497 852
426 344
764 782
357 416
802 47
986 304
346 147
265 175
708 197
525 825
659 685
786 635
385 582
39 626
744 241
379 182
234 735
534 952
556 800
423 795
595 698
156 182
124 226
640 331
75 302
627 717
338 916
708 522
730 206
934 508
497 353
803 423
423 718
616 376
999 559
943 827
879 400
736 877
113 290
170 699
523 885
250 141
527 869
584 869
344 202
677 136
291 965
878 523
607 75
866 83
61 179
942 292
799 613
1 552
221 397
847 361
407 792
157 933
31 924
378 664
272 5
760 432
740 846
693 900
550 763
372 45
923 471
714 496
571 345
17 225
98 525
690 329
512 617
776 333
74 18
383 636
738 605
12 764
29 574
653 420
407 945
159 175
419 306
153 322
7 107
48 24
802 849
487 611
741 480
2 617
223 649
373 6
950 456
113 727
149 359
650 412
464 135
119 473
456 649
394 350
323 204
966 870
381 478
453 817
238 441
225 791
95 592
25 602
523 247
211 771
699 534
350 550
606 76
394 432
694 751
109 453
4 823
179 299
364 789
346 824
57 843
740 456
849 71
431 385
700 590
326 545
169 146
117 748
208 696
698 367
198 295
164 403
274 463
900 47
905 375
800 139
568 407
986 618
933 161
900 446
938 777
653 802
377 433
899 254
224 460
653 64
411 264
361 613
164 192
149 628
421 767
499 755
779 997
136 609
407 663
491 887
700 97
672 514
287 171
715 676
644 616
460 969
119 968
409 57
215 469
665 232
409 938
227 879
927 104
604 491
970 717
650 719
558 460
67 339
31 436
988 955
625 913
422 26
393 719
929 397
983 822
947 674
917 164
738 835
561 250
376 512
35 513
252 147
548 448
688 195
750 257
508 116
579 123
90 756
674 157
440 123
955 684
228 506
526 513
142 782
473 501
458 611
981 789
319 658
86 123
131 424
502 930
333 562
869 704
230 103
940 856
329 615
365 353
592 171
28 87
981 119
469 323
787 802
899 828
314 921
520 423
957 238
991 801
486 526
415 518
770 563
405 517
112 95
724 318
875 314
969 689
696 471
148 882
666 755
539 99
465 914
373 57
266 709
254 276
491 194
827 940
554 940
743 837
727 847
47 297
842 99
809 378
746 711
965 103
182 371
837 406
796 647
744 770
641 706
14 892
519 737
900 869
426 688
63 549
428 102
619 381
713 240
141 583
290 131
640 434
572 813
578 814
11 39
139 106
547 121
196 105
452 243
219 152
333 176
25 839
978 167
673 563
345 546
733 911
517 738
2 593
385 351
930 53
24 184
461 349
946 440
73 743
486 577
533 505
111 237
242 76
621 250
601 563
873 822
945 609
820 843
418 483
717 253
76 203
693 116
939 542
916 725
411 775
484 759
768 452
874 845
247 176
782 165
605 798
252 746
805 332
476 146
97 559
407 160
838 652
1 801
717 513
316 254
557 984
282 826
815 148
458 91
408 844
575 564
822 803
199 736
719 473
919 43
213 580
179 844
26 304
862 435
760 405
580 640
799 422
814 567
461 731
248 216
671 888
286 414
433 122
417 605
434 661
291 100
963 779
871 97
129 498
628 426
166 951
371 131
284 794
505 969
362 962
608 918
954 142
662 183
45 207
470 932
453 570
875 529
362 740
146 569
733 915
664 134
405 936
466 582
160 613
128 451
756 347
722 279
155 954
301 664
752 862
713 552
218 86
533 285
42 280
476 298
930 315
803 571
476 997
863 651
21 602
740 70
703 82
337 733
354 596
256 581
440 162
796 327
70 612
289 387
574 84
608 148
613 690
504 708
1000 329
751 116
218 394
147 650
520 400
867 59
152 820
541 294
925 647
801 409
496 439
867 136
444 79
457 300
170 587
190 526
156 746
340 127
696 399
623 828
827 615
349 247
633 820
814 444
396 8
1 600
737 854
520 812
560 745
528 343
919 642
699 286
713 677
809 434
552 492
560 983
561 354
869 271
188 639
689 6
138 260
850 352
713 136
383 972
975 264
300 496
301 841
239 545
271 657
190 451
484 228
358 661
113 726
58 177
349 974
722 360
177 549
769 313
186 733
338 430
345 308
717 52
310 494
725 537
742 585
854 375
616 40
307 48
708 984
142 930
523 549
835 471
967 210
701 482
704 282
198 292
717 632
421 11
994 479
542 558
71 191
218 529
572 480
524 579
606 875
219 800
486 754
161 951
511 678
89 500
853 362
122 484
80 816
266 689
283 757
801 880
72 608
201 92
722 847
757 127
922 36
26 17
451 516
586 73
876 597
311 48
41 564
940 704
776 545
172 346
287 59
770 3
3 496
791 379
597 568
600 468
874 223
3 838
749 781
472 637
662 140
923 720
196 118
851 306
780 974
909 686
523 764
197 620
695 253
656 723
548 449
822 224
769 404
699 855
169 672
439 592
601 677
358 512
307 558
799 842
320 675
637 144
786 576
697 235
845 483
226 533
370 890
800 748
565 36
894 944
933 512
521 134
439 998
727 530
2 992
859 440
593 372
976 380
596 701
541 204
196 140
691 739
263 842
32 36
198 497
74 675
174 638
764 362
144 957
621 780
236 211
237 294
867 115
302 290
605 731
167 829
169 431
408 881
830 980
395 605
72 702
469 420
677 79
1 742
697 897
2 345
495 676
22 796
443 841
926 806
572 234
386 43
278 101
316 424
727 846
301 567
508 640
239 528
975 140
107 222
638 462
715 579
20 523
455 836
204 579
338 82
763 863
422 818
258 307
742 491
525 335
71 773
590 783
371 87
793 487
219 155
789 27
521 661
668 988
788 485
609 640
831 257
465 136
792 15
980 904
12 682
741 58
937 647
397 517
954 670
294 151
646 184
207 914
423 881
542 505
907 556
858 50
640 353
952 435
990 559
937 417
440 135
204 96
445 138
835 286
108 708
159 984
589 80
610 514
916 581
630 577
628 608
104 419
801 259
291 717
882 878
453 61
298 271
27 199
389 980
433 556
485 891
605 654
492 73
539 288
467 381
748 154
216 59
738 157
376 417
441 779
398 636
511 221
573 50
850 601
13 490
154 122
847 260
406 202
834 143
31 216
183 13
738 452
421 1000
968 321
876 570
310 432
774 515
500 806
447 761
12 266
894 82
767 800
660 494
736 92
987 576
51 945
784 322
894 445
221 871
441 161
903 75
692 640
998 335
200 280
370 216
840 309
695 346
254 574
464 44
714 671
29 924
164 933
989 810
761 999
81 309
355 850
477 651
468 531
716 329
517 776
223 363
688 490
194 127
285 852
677 564
532 331
612 25
333 616
906 384
798 754
143 475
274 86
331 11
705 794
541 180
304 925
817 948
285 630
933 826
863 57
26 582
605 658
986 916
456 951
865 589
592 259
369 958
655 102
135 697
842 881
847 803
970 128
18 885
516 244
493 533
571 446
429 813
486 678
13 46
573 86
169 368
86 226
709 374
552 207
75 586
349 103
121 248
512 845
216 441
69 687
457 158
337 432
118 735
514 134
899 320
443 204
444 611
887 777
448 614
430 954
45 174
328 28
590 724
239 302
847 175
546 390
50 633
471 139
348 374
817 217
143 675
250 912
414 121
73 697
775 96
890 916
135 449
618 391
513 17
928 552
553 142
413 80
602 289
259 854
974 371
595 634
467 923
628 110
824 344
56 194
249 270
599 51
927 744
117 377
200 243
481 932
762 543
355 991
651 538
796 164
873 926
394 513
713 805
622 713
243 690
1000 279
527 52
161 851
363 457
750 167
226 13
972 165
521 75
481 646
431 112
786 33
739 111
541 265
636 905
585 745
912 599
882 521
98 120
406 289
634 166
942 720
235 945
752 229
476 445
296 75
98 491
834 471
925 908
657 54
343 975
490 257
461 210
700 396
538 467
131 923
61 326
600 8
47 279
972 450
367 150
719 257
940 562
889 46
301 488
812 1
487 509
788 910
76 936
737 994
311 51
442 206
745 559
49 480
960 925
332 657
911 570
462 514
181 243
796 798
784 236
270 875
396 738
770 435
901 843
701 617
453 608
491 693
220 365
591 142
703 576
206 936
483 741
376 915
674 326
43 254
125 40
346 311
57 312
756 510
449 550
447 23
512 260
217 514
445 530
212 771
600 785
159 560
819 411
717 70
935 403
600 896
519 847
782 711
665 580
649 335
778 429
265 118
764 22
285 875
15 6
273 259
330 596
113 940
114 511
802 410
907 912
549 639
40 577
639 760
89 52
39 738
341 406
109 858
605 268
790 581
661 835
938 856
208 565
227 275
653 755
585 645
341 263
783 336
647 358
770 561
53 691
58 783
494 863
905 475
886 45
942 755
454 441
257 531
790 423
631 795
446 941
583 148
990 174
996 97
745 665
49 290
875 90
214 983
834 992
896 660
73 53
720 936
281 32
979 57
409 108
528 47
455 907
585 82
236 950
789 312
96 97
205 641
784 384
908 114
529 907
824 869
667 803
736 177
34 154
822 419
102 196
957 852
228 836
245 930
632 224
262 5
102 708
530 877
930 51
161 364
114 174
349 821
355 680
85 543
481 980
986 458
882 171
366 40
133 905
775 334
172 929
949 688
643 820
460 100
66 47
963 839
405 3
492 277
865 981
373 566
209 573
753 184
735 376
238 960
591 964
28 878
657 946
53 501
40 972
919 470
761 518
99 107
173 656
445 107
818 711
915 375
535 678
41 38
26 402
522 575
965 517
52 674
680 651
368 215
630 147
813 977
27 334
283 414
14 100
784 729
639 323
591 49
71 279
827 605
679 724
45 760
799 531
356 975
163 32
588 530
827 970
330 238
336 879
682 50
672 733
68 446
199 512
519 545
222 931
950 255
745 598
796 630
808 570
785 483
839 560
879 519
127 866
334 111
746 840
90 566
50 963
489 161
897 858
538 92
249 924
504 290
802 985
384 162
388 746
431 5
854 941
121 543
730 631
469 156
353 636
393 773
394 214
107 941
721 937
219 388
382 534
525 822
802 413
472 552
697 177
237 792
721 75
445 971
427 192
284 335
802 268
199 348
237 169
990 633
954 691
405 761
561 627
156 177
268 987
5 436
27 388
856 748
527 467
360 923
752 397
753 164
311 836
866 413
294 914
811 260
5 453
192 756
155 504
88 773
566 750
499 845
425 82
43 559
729 60
33 135
991 482
442 759
630 332
45 570
891 787
201 836
537 994
297 313
575 554
942 299
544 214
377 11
250 251
876 91
991 698
10 821
377 244
253 537
749 628
758 194
585 776
966 511
698 617
680 20
108 180
996 886
64 361
729 617
624 369
608 854
914 749
864 448
650 583
443 207
373 386
913 547
183 129
25 227
873 295
339 511
931 195
626 729
642 146
292 527
741 760
813 155
872 617
780 804
105 94
840 7
419 388
58 204
613 318
113 724
864 780
918 553
274 536
102 652
608 257
147 383
519 239
563 127
617 213
860 623
73 875
368 629
996 127
998 549
237 492
985 714
679 122
368 708
440 209
976 3
155 678
375 3
144 693
146 479
83 968
870 979
372 983
330 230
929 780
489 789
164 527
130 619
8 19
985 21
329 473
844 488
424 483
960 725
522 612
209 807
213 183
17 116
270 339
991 504
615 572
190 601
680 107
503 562
657 931
144 881
472 414
71 334
832 627
334 516
908 506
468 202
535 460
350 274
943 859
140 84
572 183
115 516
171 250
885 40
334 294
579 9
379 907
560 614
73 99
905 897
568 798
486 60
913 638
737 82
663 334
831 696
257 868
504 491
949 557
876 515
400 742
405 155
690 763
609 265
37 864
63 992
85 792
638 108
789 118
186 413
205 79
794 732
906 946
214 487
567 289
815 546
512 436
534 517
439 707
299 436
773 954
693 236
968 933
552 804
238 203
448 26
802 308
396 262
274 253
829 621
756 947
649 479
800 861
268 995
514 967
952 8
100 782
588 43
165 246
126 38
298 297
523 720
963 537
838 679
714 913
342 950
844 268
114 561
688 864
726 808
457 281
592 460
467 208
268 295
142 504
515 894
413 965
131 105
888 578
705 156
743 508
696 9
865 342
904 694
83 401
514 301
806 242
680 93
643 83
244 402
810 704
207 48
870 848
662 152
448 897
880 900
150 144
82 186
943 605
984 610
16 212
89 770
607 576
573 464
277 19
278 820
137 928
854 791
358 486
489 85
881 843
842 467
989 256
284 854
685 7
673 583
767 927
695 82
608 124
37 772
23 653
301 911
840 95
713 471
882 454
366 207
445 708
926 358
689 302
530 874
877 577
738 981
386 705
744 266
747 641
308 243
881 663
399 36
76 375
494 226
521 454
98 31
542 108
674 188
683 54
555 520
501 639
816 661
412 192
604 556
894 138
937 423
275 200
242 301
904 312
815 450
483 45
998 892
857 376
532 288
330 728
646 472
669 921
728 459
981 935
98 223
170 304
725 418
969 624
791 795
965 405
430 369
299 967
634 223
65 296
800 293
152 111
218 838
58 915
151 414
64 96
411 501
552 213
771 117
210 841
671 724
727 192
837 252
32 637
395 603
700 36
538 187
421 517
260 645
279 427
249 774
305 52
88 388
770 86
538 42
850 264
867 698
961 673
447 618
377 442
737 154
870 601
102 52
983 917
896 83
450 444
983 778
414 3
347 44
993 978
613 281
153 525
431 964
845 246
239 91
955 410
833 790
890 993
437 43
581 716
894 669
346 159
347 214
171 24
464 46
906 221
584 463
12 840
787 306
932 777
904 502
722 421
997 237
526 589
805 237
878 96
716 331
424 603
686 875
212 538
947 681
360 781
640 335
977 898
744 915
617 427
838 973
714 759
790 800
207 662
613 703
743 832
9 769
934 996
796 992
731 556
525 593
494 570
812 875
763 255
587 429
736 865
64 174
265 585
577 716
662 712
173 405
929 14
131 929
481 36
339 66
947 259
913 887
753 624
383 437
631 627
597 719
410 155
633 95
534 208
37 408
666 456
248 247
430 841
864 449
618 531
432 93
698 840
36 343
383 632
577 989
853 888
570 270
1 25
366 933
194 618
103 510
822 104
453 539
243 203
899 91
291 285
447 509
966 292
516 910
780 102
977 34
409 526
124 461
702 534
254 600
493 256
258 630
595 636
172 987
307 580
401 511
988 597
630 882
78 469
65 906
631 30
693 56
566 318
990 602
185 532
562 837
155 697
436 327
341 158
56 34
738 504
939 281
703 192
9 940
708 761
820 467
861 761
347 771
958 353
619 555
545 972
549 780
832 272
45 541
213 807
469 397
587 38
456 548
69 312
911 587
420 86
195 540
317 954
657 453
126 314
879 856
315 217
381 699
795 339
675 681
982 807
235 366
888 68
391 245
693 789
258 298
847 28
723 34
933 817
784 238
61 955
702 940
426 619
797 616
865 395
301 793
712 896
590 929
564 876
189 984
962 728
664 850
898 283
85 648
68 986
931 476
441 72
314 454
388 961
66 295
431 621
56 881
278 469
884 472
837 955
316 658
204 127
5 122
578 428
887 218
658 276
754 173
4 934
924 247
265 342
53 415
809 785
223 67
481 672
946 358
407 152
763 54
892 402
14 490
472 93
390 29
865 538
799 745
759 162
838 311
216 870
952 982
572 391
554 886
863 128
442 684
580 918
761 330
245 217
961 152
669 583
620 507
61 247
597 933
466 361
571 566
942 467
766 695
433 193
362 185
749 571
532 935
183 949
221 98
752 231
575 835
503 932
969 96
951 432
183 42
205 558
79 245
840 275
935 924
385 406
650 540
372 144
12 353
125 488
660 469
127 686
438 15
747 723
633 301
409 827
484 345
548 258
609 276
388 647
963 65
346 152
585 259
159 496
879 417
863 876
348 644
838 501
815 905
617 114
263 342
871 573
254 513
350 704
152 497
459 613
377 870
324 727
933 719
207 195
579 91
311 367
265 400
606 58
584 690
124 219
307 813
768 297
950 577
203 204
441 695
902 996
872 141
375 458
253 513
859 409
471 983
661 643
385 634
528 788
951 704
912 755
91 672
576 512
294 967
351 242
958 430
143 742
618 754
688 781
437 886
900 370
207 320
507 81
400 212
93 377
277 626
978 545
300 565
429 855
456 295
452 648
421 691
379 965
748 458
509 346
2 90
535 100
741 927
10 625
232 673
969 28
112 571
679 901
439 160
866 652
433 54
232 560
470 734
14 860
2 892
377 957
465 446
598 942
267 64
503 5
254 240
348 365
521 805
707 757
764 549
600 574
534 874
825 671
846 7
306 776
772 769
521 519
778 190
228 201
48 351
821 380
569 275
55 564
600 296
171 27
212 837
802 411
308 208
327 660
920 978
78 510
545 507
375 136
692 382
55 839
694 772
612 437
41 615
389 130
356 331
530 384
267 746
674 648
520 421
897 823
699 751
136 163
924 136
762 728
688 715
835 396
29 477
982 493
964 808
860 969
477 747
316 815
532 539
65 410
670 745
50 462
322 619
804 699
640 908
625 322
754 550
543 299
207 292
101 993
339 980
107 144
702 907
18 643
973 921
875 151
201 932
459 746
132 101
740 843
339 50
732 939
236 730
790 79
386 129
102 247
747 238
381 971
208 682
225 280
44 308
211 349
139 200
177 413
513 475
550 990
261 565
172 400
177 267
958 750
334 132
262 161
449 942
784 417
894 476
889 572
926 475
877 631
960 719
328 844
930 392
21 311
703 783
82 431
543 342
113 355
621 626
198 366
686 682
902 301
674 114
507 431
626 155
627 398
522 46
104 177
503 91
358 890
824 202
249 291
779 121
743 897
632 124
269 400
416 76
679 509
91 970
811 469
243 695
562 981
688 536
74 651
56 402
517 11
95 19
902 575
711 197
454 182
899 967
772 95
189 59
602 276
880 478
257 667
365 410
870 636
853 389
35 538
218 652
39 942
10 836
501 27
249 114
696 431
438 996
187 292
494 928
889 66
62 740
405 967
361 970
866 850
226 501
409 147
162 813
893 523
869 808
755 598
554 727
465 740
704 986
537 312
688 34
229 276
466 198
448 581
712 818
180 1000
187 224
867 834
836 147
231 731
237 666
793 192
48 57
470 992
366 817
668 875
190 483
215 20
195 473
739 646
612 664
158 236
752 779
40 311
185 82
403 7
379 132
308 136
881 378
474 176
661 396
4 641
497 113
919 776
420 721
132 237
462 768
446 389
198 602
859 444
249 16
626 97
535 953
827 969
227 54
709 870
530 347
113 131
204 862
223 66
652 714
749 502
363 327
627 934
425 936
354 30
27 108
47 97
257 743
184 577
489 151
410 804
563 255
88 29
1 762
628 927
706 717
763 388
675 614
364 329
774 878
496 721
724 25
652 270
545 698
505 357
328 490
808 20
993 8
280 589
627 334
500 40
562 949
197 8
205 582
992 192
75 740
244 53
245 284
345 922
413 702
568 867
770 483
206 233
188 588
943 716
379 759
755 848
665 120
928 774
249 571
736 327
898 462
628 113
301 909
696 981
327 909
4 791
275 270
208 98
379 322
366 188
422 754
719 632
868 774
579 461
177 609
345 455
642 749
848 240
864 933
354 527
797 399
87 339
345 368
399 87
725 733
321 239
582 994
507 196
398 405
221 846
310 673
994 718
160 26
217 991
536 360
113 222
97 689
190 938
563 396
319 514
625 123
532 401
130 593
974 880
271 262
182 869
146 199
535 675
517 468
773 890
939 526
136 369
196 833
216 63
114 930
856 677
320 109
849 863
359 388
473 513
98 430
45 757
980 48
321 629
984 435
714 228
533 672
537 549
420 111
560 706
482 928
909 221
987 645
606 953
572 121
666 498
705 408
945 137
288 856
844 837
281 1
391 60
824 917
272 332
914 791
963 458
429 282
124 598
567 212
880 640
845 914
573 611
443 386
524 169
428 214
200 542
12 463
716 897
272 618
96 366
885 546
686 429
391 883
875 532
785 812
471 449
185 168
591 496
59 707
727 240
530 944
592 669
560 507
196 76
869 899
953 28
719 651
129 546
556 911
156 285
473 391
711 693
593 406
422 504
852 645
265 435
692 494
985 284
582 974
659 223
843 842
845 312
189 308
299 668
228 270
221 963
386 568
100 960
230 787
673 376
105 878
550 166
161 999
978 849
189 22
192 870
672 48
113 292
279 5
799 722
433 477
565 476
783 405
438 622
796 768
134 923
784 824
936 387
166 520
667 21
886 411
305 884
992 938
649 691
163 483
862 291
611 993
254 51
867 728
447 648
853 917
106 10
876 538
441 487
315 266
229 320
157 483
763 904
413 921
938 466
508 281
628 58
846 497
263 251
637 308
529 737
492 773
681 830
43 277
6 155
456 271
101 23
253 444
56 1000
897 246
628 216
868 847
337 897
730 872
233 816
404 273
206 669
926 250
927 583
91 815
932 815
207 929
833 460
372 828
636 449
951 658
13 680
460 862
858 736
410 737
433 139
942 799
415 869
570 930
509 480
526 841
751 726
263 764
207 628
687 702
30 907
884 598
678 23
131 336
369 973
888 843
795 233
545 962
780 684
808 396
330 318
559 723
349 165
477 912
62 538
100 681
411 270
56 238
433 330
413 400
213 519
611 908
335 20
448 952
32 679
452 848
805 980
438 775
757 491
617 600
706 827
949 697
14 874
625 681
220 75
25 83
55 443
292 991
367 389
421 829
618 197
158 928
31 434
733 820
127 517
144 395
556 275
411 883
480 710
390 87
711 945
395 303
916 251
977 499
885 538
65 729
228 819
814 542
564 693
746 304
161 238
181 227
538 548
523 184
872 358
266 419
625 665
185 756
77 995
315 978
688 328
749 236
671 401
472 995
825 33
123 652
651 685
800 737
259 596
759 489
959 251
427 410
891 145
640 265
113 49
374 184
273 961
330 818
648 147
208 666
437 452
781 425
995 125
792 658
540 48
283 25
411 204
564 276
213 840
621 187
41 95
188 410
962 794
27 28
429 992
748 194
306 109
273 380
168 86
810 429
34 610
904 810
335 458
411 490
58 621
156 606
987 696
14 548
735 762
774 464
5 879
88 427
6 551
79 247
45 963
961 730
196 433
605 11
71 883
940 816
617 709
188 328
376 213
767 779
935 623
846 446
594 175
816 253
120 218
279 725
767 920
825 641
845 894
263 176
736 915
524 277
368 835
310 16
794 575
119 677
674 473
159 387
129 852
574 203
281 529
618 362
655 995
656 579
129 864
310 900
424 979
725 619
85 396
877 864
713 647
533 372
682 862
631 401
479 132
872 96
99 866
69 920
566 484
388 84
66 90
857 381
895 669
588 251
535 988
939 355
948 211
217 79
881 208
990 818
267 4
131 283
394 807
470 783
725 43
678 95
679 498
696 378
22 979
411 168
451 903
655 325
930 836
308 592
737 610
112 65
493 556
496 272
10 906
227 640
501 33
767 282
719 423
500 367
522 308
841 365
658 845
201 910
558 850
448 881
483 400
322 854
948 646
736 388
314 870
874 382
253 851
279 533
414 356
736 226
590 765
457 967
756 237
908 844
723 476
594 393
950 197
722 92
685 104
63 980
689 109
564 847
926 338
983 775
840 239
306 695
64 973
802 183
881 598
55 641
276 210
940 201
100 318
906 73
104 953
357 425
942 370
72 343
751 249
4 548
495 319
703 890
719 548
925 172
690 883
752 852
551 822
241 209
316 741
467 883
904 328
62 80
639 862
214 127
346 815
250 367
630 567
100 882
345 109
75 436
48 876
236 129
553 705
471 874
312 721
645 241
905 716
300 657
142 260
952 912
701 43
813 561
187 282
500 323
88 325
842 82
410 230
984 319
842 165
628 758
779 732
261 616
461 549
214 787
231 979
781 876
535 251
24 651
25 118
326 636
992 120
828 726
611 734
336 764
466 883
693 720
197 898
572 723
993 898
712 455
546 498
233 21
197 626
860 214
783 868
215 114
168 791
347 572
742 865
51 686
197 660
788 9
238 64
697 635
578 677
846 534
212 859
940 661
307 585
458 743
739 40
646 234
423 167
998 729
527 285
588 349
510 903
562 832
264 899
372 940
765 659
71 648
790 848
939 427
83 957
689 737
375 317
877 219
991 87
286 909
911 694
382 602
808 634
781 358
53 715
420 194
910 441
212 108
72 213
957 278
726 605
585 863
306 168
92 377
129 571
387 697
838 138
666 933
533 584
438 772
573 343
633 52
64 329
764 311
15 826
586 194
434 599
702 960
519 762
477 339
817 30
410 412
598 869
379 749
885 455
177 264
231 725
770 319
534 425
426 505
262 131
889 621
987 136
860 186
384 29
276 27
593 569
778 229
119 517
634 795
379 440
676 516
935 313
946 978
798 115
410 848
51 650
576 602
609 600
890 663
265 742
121 934
416 140
824 377
805 687
693 632
612 504
359 841
934 349
792 326
61 735
887 215
86 114
494 407
52 949
201 597
702 750
242 487
69 598
640 552
951 856
329 505
837 734
465 811
652 603
356 754
784 611
827 711
313 801
541 409
877 481
455 655
918 73
448 231
1000 820
692 906
607 281
439 443
667 220
83 405
945 274
835 898
329 53
700 28
176 672
554 713
828 440
244 55
597 629
157 648
249 735
805 600
704 738
183 84
849 600
297 817
564 965
84 527
515 335
862 538
370 460
667 536
372 258
724 991
817 139
909 635
257 637
224 777
668 986
7 168
543 10
751 357
90 878
381 189
474 449
931 397
271 948
836 460
395 948
937 888
25 618
815 891
601 651
618 363
67 227
180 258
146 750
347 275
571 575
985 661
656 979
470 95
808 890
716 291
110 54
347 384
629 807
156 170
143 92
989 994
703 180
911 91
109 23
277 955
919 636
591 963
316 919
744 970
563 398
543 876
765 972
118 866
860 992
331 573
614 975
960 738
389 990
95 661
765 339
867 149
47 7
412 640
549 961
877 308
517 355
795 65
762 20
488 700
511 219
443 875
468 370
357 673
619 786
533 686
75 932
151 267
279 310
344 899
935 863
992 895
274 978
979 107
282 505
330 383
196 263
268 180
880 932
55 220
233 286
968 327
556 438
663 370
277 51
978 96
140 717
968 470
163 180
400 546
721 642
719 907
876 726
418 90
978 130
923 783
428 359
86 655
603 275
517 719
422 653
59 709
199 249
512 449
822 162
720 356
7 257
691 869
46 812
566 167
937 741
702 423
264 793
816 806
587 613
833 327
857 303
820 165
534 803
388 73
635 238
906 394
484 658
830 78
203 122
518 759
939 334
133 283
282 583
156 940
363 368
143 342
971 113
455 416
424 268
722 997
227 449
657 802
416 880
153 579
101 925
407 50
87 810
781 210
305 793
20 951
992 573
899 27
594 673
442 466
409 267
317 914
486 811
473 652
148 672
773 918
260 726
743 145
279 435
656 147
395 889
69 98
785 305
328 292
310 372
816 457
968 276
434 688
899 326
495 195
222 531
779 300
796 710
732 374
125 316
641 259
614 224
7 466
27 243
157 481
321 685
324 86
698 199
167 648
817 211
643 438
822 108
290 308
422 606
834 566
816 260
488 230
864 769
354 723
975 567
390 139
693 354
911 479
470 165
841 567
885 806
156 460
199 430
238 48
8 683
996 100
419 967
756 932
425 262
869 323
686 907
70 877
34 754
679 198
189 342
579 818
673 425
602 497
985 495
967 203
237 426
38 37
523 683
619 670
854 219
801 461
951 887
716 216
22 553
424 488
28 250
819 225
783 378
41 97
209 37
619 956
531 386
680 840
991 372
593 973
744 591
670 704
411 256
957 86
251 750
37 326
311 363
520 864
540 355
409 231
726 594
32 586
382 132
466 419
129 273
239 618
409 1
196 351
680 132
185 554
206 144
258 896
854 780
945 32
931 21
642 192
347 150
225 426
817 110
252 215
598 981
841 864
760 912
993 664
655 747
620 644
548 377
306 892
385 331
854 601
357 415
30 15
287 612
950 428
369 321
828 840
298 847
691 812
711 721
608 290
59 634
417 878
731 428
74 889
313 251
316 686
262 716
824 983
412 249
87 313
398 444
420 732
275 179
369 60
662 868
632 646
13 880
27 856
363 538
274 9
41 274
852 558
411 928
820 12
326 317
255 745
754 312
869 601
356 620
181 583
600 235
332 238
26 440
482 198
445 434
766 846
621 185
17 75
458 47
832 368
596 265
299 789
107 493
70 976
622 605
247 477
482 808
600 123
875 195
322 705
71 446
813 209
974 565
407 856
47 305
678 509
757 91
832 909
889 204
672 550
948 851
951 396
275 855
469 993
77 496
414 409
343 301
327 872
812 244
832 730
503 931
141 720
248 234
59 843
477 297
387 848
194 942
67 452
125 198
508 178
3 768
860 664
824 568
938 448
495 293
977 110
265 186
599 915
261 855
297 678
384 792
276 798
189 587
66 438
583 639
341 880
531 800
327 317
755 318
576 504
411 878
129 741
651 502
796 379
781 745
412 76
19 210
94 378
490 448
618 812
716 145
773 982
799 874
965 638
758 431
43 598
526 33
378 939
144 815
358 455
827 738
772 161
503 154
862 594
288 526
145 395
934 917
259 159
804 353
418 548
311 339
408 626
634 442
282 87
546 808
65 120
197 88
89 583
92 290
122 921
889 232
508 530
788 588
989 93
58 353
562 605
802 608
435 781
380 715
684 275
8 884
116 253
353 517
851 258
615 192
641 448
437 656
702 763
281 465
154 577
11 200
674 392
111 43
134 22
727 366
211 897
12 758
821 376
660 186
21 640
447 186
68 685
401 20
275 13
683 504
856 980
433 901
638 538
809 546
107 524
229 459
170 108
372 842
375 53
697 732
677 635
206 911
290 581
264 667
812 798
479 11
192 603
584 800
697 262
200 810
347 653
222 299
703 312
145 52
523 654
746 128
493 748
352 896
351 210
189 19
264 342
321 923
803 347
449 589
577 74
923 98
105 909
342 610
933 5
378 963
64 210
13 207
771 761
155 255
41 806
499 542
463 123
11 281
999 234
268 202
159 417
98 659
617 609
89 972
274 838
956 302
172 509
931 120
549 393
219 826
77 440
375 695
345 832
190 329
543 60
926 332
603 705
642 799
864 147
65 754
817 291
72 486
286 662
771 718
581 683
622 441
166 851
169 733
877 391
958 863
259 247
595 579
125 797
575 35
320 637
263 713
269 396
458 455
136 95
129 986
824 44
293 407
442 947
26 562
49 883
636 785
160 436
914 101
683 928
913 155
537 855
312 606
614 871
734 730
151 696
247 918
69 402
776 380
848 670
944 605
546 993
598 558
809 261
650 771
980 218
33 771
568 988
805 977
760 324
962 896
335 134
672 906
197 161
1 350
280 787
661 471
673 716
46 318
340 607
452 113
991 602
432 558
137 543
359 879
366 842
431 354
44 58
506 841
379 461
436 700
682 692
721 858
320 925
210 481
162 156
418 488
772 965
954 928
630 945
665 307
522 236
445 555
686 603
335 141
128 387
369 465
964 424
384 684
351 342
119 218
252 505
750 104
695 697
144 663
29 476
844 36
366 621
78 724
502 992
748 904
252 652
792 614
317 21
782 65
621 39
951 50
398 846
938 835
796 165
377 491
395 708
209 620
783 345
970 368
455 760
492 56
791 866
44 805
634 197
766 990
52 580
970 195
459 586
758 98
670 948
896 845
126 456
532 829
827 935
791 64
789 108
176 723
254 166
669 556
72 900
469 654
476 190
847 473
559 341
299 536
235 321
202 666
336 920
558 23
121 298
429 417
140 852
842 330
805 582
239 510
974 839
520 714
30 802
67 681
283 868
638 208
751 403
537 393
172 84
245 570
157 424
336 692
660 321
704 517
615 337
211 631
745 280
110 363
537 171
617 117
745 72
121 870
218 581
968 233
452 410
953 155
664 34
443 431
476 609
904 615
572 654
360 121
76 365
393 726
778 505
614 955
702 280
812 712
156 164
268 814
711 474
34 192
588 359
611 13
184 37
994 714
481 997
463 578
484 760
655 51
855 281
289 510
75 397
293 478
687 642
986 777
201 631
356 457
881 213
912 519
342 980
628 867
682 401
433 437
631 982
378 936
598 586
923 790
473 916
883 909
648 400
278 319
875 273
333 772
808 214
889 377
886 435
905 656
622 458
283 260
835 979
698 749
10 114
519 905
991 732
560 710
478 417
939 945
500 153
429 227
931 865
861 224
793 832
97 83
136 945
766 295
947 459
534 185
525 282
243 379
620 468
293 993
577 971
955 303
429 278
486 329
777 694
758 677
313 905
267 212
647 41
926 480
932 593
176 587
134 23
742 888
923 958
983 102
111 155
792 115
223 445
943 727
980 948
964 337
694 878
553 778
551 819
419 860
846 853
189 622
650 192
962 174
322 49
727 111
858 111
844 142
189 479
687 576
191 305
393 202
427 145
161 358
513 713
436 168
240 281
350 850
254 313
83 821
636 159
950 266
42 274
189 161
504 717
711 220
696 203
734 647
403 767
868 457
283 85
981 54
581 539
93 438
26 46
464 910
818 885
729 182
415 705
672 274
583 196
456 669
572 315
918 299
50 45
272 127
44 531
998 731
106 852
883 564
990 504
172 367
140 909
921 128
580 387
400 205
654 845
101 130
671 10
582 467
805 974
716 929
478 533
77 153
647 13
119 546
29 854
474 391
275 330
95 565
907 617
640 148
548 549
732 266
453 807
556 984
775 382
744 328
622 297
627 405
920 819
707 493
471 558
859 294
643 885
310 754
873 902
70 558
307 872
803 943
218 341
591 788
223 217
924 233
427 451
131 455
259 282
99 91
450 659
346 544
353 452
743 755
818 646
378 113
681 134
524 628
709 560
178 184
567 694
126 578
697 620
257 527
221 374
222 177
758 7
473 190
196 532
161 831
736 609
541 665
649 578
102 426
598 559
412 1000
219 714
319 426
950 231
353 896
602 853
774 673
166 778
903 455
859 523
987 638
272 377
222 525
206 150
812 252
340 600
384 242
423 567
757 265
689 89
820 692
346 319
238 257
775 188
100 354
686 326
827 418
621 960
641 184
237 951
404 322
651 963
643 947
453 795
940 291
377 829
301 727
472 999
894 558
473 338
381 617
665 588
392 232
467 812
602 177
195 765
252 506
554 316
661 504
898 986
995 322
798 675
283 255
122 845
798 562
786 234
143 283
806 233
22 600
61 958
815 277
388 289
619 525
1000 537
13 140
472 466
109 995
863 142
791 893
320 907
210 570
155 199
321 755
322 684
252 813
39 841
170 520
732 586
70 97
145 318
143 991
663 20
142 628
856 150
675 762
602 902
569 712
642 273
880 812
832 911
68 465
503 930
399 843
538 209
810 858
940 669
387 551
755 53
176 818
324 138
182 248
187 146
628 463
112 220
115 180
388 766
558 502
581 959
949 955
954 99
516 814
828 852
708 54
730 522
713 472
20 80
595 988
210 450
768 914
107 854
716 632
355 720
449 651
30 504
915 850
907 726
802 480
111 356
683 47
665 552
333 746
959 138
68 617
753 295
610 680
775 369
773 50
811 387
557 667
482 279
100 85
138 635
541 729
398 9
187 822
846 651
491 745
327 659
532 999
160 770
368 481
973 572
577 243
796 27
190 830
935 80
395 658
982 330
588 981
810 363
829 477
649 815
48 669
374 442
969 714
562 331
306 13
434 982
416 565
680 770
239 857
4 452
867 372
705 369
980 61
1000 787
306 156
843 463
621 683
993 446
940 611
310 573
330 377
996 858
598 710
875 975
785 475
788 590
291 110
519 686
196 401
325 307
608 817
614 251
48 152
968 473
362 968
665 95
793 18
561 94
774 119
128 191
298 739
154 591
543 491
727 286
286 64
971 712
772 783
457 694
725 809
651 954
323 393
105 132
712 188
347 195
938 418
408 314
863 620
898 864
976 128
7 572
359 829
345 343
136 873
700 863
440 61
661 560
683 152
705 864
389 797
85 142
316 950
869 237
796 456
622 846
571 968
865 747
86 411
973 437
114 624
123 642
197 375
142 264
456 527
691 113
412 534
696 409
671 544
249 593
69 222
487 67
473 657
844 896
315 178
45 869
338 241
943 828
31 790
889 987
198 476
129 266
716 775
577 692
97 354
858 891
435 762
700 182
996 717
478 700
665 71
219 828
17 496
361 957
707 515
210 217
722 112
638 233
50 622
181 488
399 417
85 780
110 433
349 972
680 533
82 302
444 969
312 343
720 436
8 205
523 147
120 500
157 177
911 472
16 735
751 25
853 123
578 673
390 882
246 979
808 934
169 620
285 767
462 959
618 561
730 919
893 489
952 389
240 439
631 341
388 153
436 715
446 403
673 61
678 814
692 126
588 63
311 672
60 480
901 214
481 669
602 367
179 466
588 910
751 578
978 814
754 493
389 531
800 134
338 544
605 638
353 165
575 630
587 172
675 842
611 802
10 721
597 891
391 460
947 356
589 955
196 811
465 589
466 414
230 463
488 762
566 996
794 96
667 786
533 127
241 887
336 589
962 817
854 771
434 546
954 221
922 383
376 813
304 58
766 94
215 204
327 790
680 421
555 563
292 555
594 87
172 1
488 182
574 622
346 316
845 806
467 339
95 403
634 807
750 669
567 313
42 676
225 762
209 157
786 551
843 602
772 598
673 815
177 968
143 215
717 206
726 356
476 935
539 643
730 26
768 499
74 582
401 254
721 437
354 310
299 731
139 910
365 342
447 876
421 68
761 625
118 182
246 507
946 485
543 773
126 669
751 614
790 594
331 347
813 851
12 785
923 349
636 934
416 699
933 74
969 484
615 600
301 438
766 988
696 482
257 618
458 541
728 51
178 44
969 271
589 974
182 556
594 612
814 161
411 414
675 765
89 616
643 91
913 705
537 365
891 545
875 571
560 570
832 831
693 183
171 957
396 296
839 724
220 36
662 55
976 714
331 965
150 283
44 250
304 87
899 315
55 410
422 955
333 212
998 206
174 508
185 805
250 554
656 857
285 258
931 272
401 781
77 160
66 28
996 330
85 693
695 328
826 137
208 160
82 649
855 6
786 523
255 842
942 160
638 606
826 376
590 209
578 745
592 640
52 192
953 123
661 426
622 81
664 369
658 683
575 101
65 228
509 133
946 679
195 617
750 245
829 762
42 220
687 652
265 379
394 849
715 255
398 185
56 336
22 613
223 61
913 172
585 735
801 394
855 571
507 937
625 206
327 130
535 697
916 941
352 598
922 686
961 460
134 806
378 950
587 22
951 553
995 719
934 825
113 387
923 8
89 682
217 413
184 722
667 15
340 477
201 945
442 429
26 44
619 167
158 545
433 230
987 667
288 751
71 556
862 329
314 867
286 184
637 599
576 481
796 766
589 513
144 381
400 663
838 712
719 998
25 14
529 596
281 180
681 590
582 346
604 422
55 510
461 899
758 699
477 453
141 753
552 680
958 340
851 500
530 823
968 25
159 477
509 776
849 235
647 440
125 856
567 353
971 600
555 281
270 716
320 189
971 553
426 110
523 340
617 369
673 167
54 39
587 537
569 502
305 868
540 689
83 838
579 205
184 195
321 126
375 423
268 931
485 675
587 327
949 372
95 36
596 767
288 208
843 942
130 527
791 710
387 132
999 547
578 926
568 391
731 597
92 989
476 234
627 868
957 43
246 82
941 368
710 301
641 121
683 615
463 215
620 58
468 191
921 507
44 638
541 718
637 793
473 656
684 942
5 785
709 269
32 657
828 397
371 330
135 729
789 972
840 835
193 642
103 131
73 500
115 849
951 636
289 572
269 638
55 429
261 574
154 910
619 318
214 758
234 208
811 608
751 490
723 364
427 859
634 913
160 702
436 731
552 644
498 428
280 71
869 139
228 773
524 474
986 282
251 748
358 640
125 139
592 736
129 870
114 156
445 266
962 494
780 515
443 864
950 375
955 559
704 877
301 753
177 931
94 644
189 624
412 145
363 677
831 214
463 710
427 436
696 646
931 599
531 970
734 583
703 200
946 623
602 509
752 418
274 432
701 503
242 508
833 167
100 994
84 495
674 561
804 992
473 816
19 380
1000 55
131 342
246 15
35 690
571 836
585 885
446 556
696 455
532 693
836 536
558 941
601 462
841 351
59 502
739 376
249 996
73 182
571 403
537 743
554 591
566 764
442 357
756 540
776 605
652 240
417 673
457 160
511 509
576 442
813 323
462 147
209 439
270 966
698 901
257 201
719 41
650 608
883 855
907 147
880 639
955 143
974 153
975 320
686 269
874 85
177 259
340 969
306 289
676 803
906 304
793 814
954 77
426 482
64 923
820 694
694 155
841 757
793 378
480 587
617 926
693 465
648 930
439 677
263 712
584 416
143 406
36 215
327 708
661 292
55 213
242 92
849 76
937 414
781 799
871 759
454 713
612 485
595 657
318 104
998 766
545 295
307 402
762 569
229 516
947 745
713 975
895 374
223 58
783 132
291 476
341 524
907 872
749 495
141 524
697 684
471 809
644 109
211 366
356 767
503 632
365 631
682 331
847 535
481 410
88 845
966 131
839 147
118 960
263 948
602 533
399 951
629 508
7 487
463 60
583 287
398 649
455 936
850 394
232 845
532 387
31 233
434 741
128 536
258 407
261 852
101 405
926 606
379 799
380 588
770 506
296 621
723 454
524 45
353 398
175 703
785 543
783 54
92 239
628 457
633 309
113 336
970 612
495 67
723 292
211 632
750 719
426 553
20 82
59 700
172 885
907 490
105 174
158 160
739 683
258 842
958 907
195 445
747 888
878 226
403 40
899 785
250 897
617 148
263 620
603 89
517 793
369 67
226 716
405 747
100 245
561 589
802 337
659 200
540 5
860 735
384 570
939 200
152 518
156 214
194 385
602 2
660 742
493 883
331 24
186 877
528 780
907 775
531 115
951 778
660 597
574 559
313 614
356 524
360 583
238 552
370 151
522 549
544 85
251 431
52 692
164 302
424 51
390 792
584 886
235 115
606 134
853 384
634 87
784 866
359 18
822 942
364 420
314 753
757 139
995 538
448 887
83 323
782 668
969 443
420 485
442 285
426 870
499 292
279 418
597 675
603 938
639 56
179 630
462 203
136 771
672 949
767 836
895 275
167 530
851 153
814 783
46 329
33 554
513 352
25 897
115 146
685 98
119 682
465 455
803 491
219 240
863 827
701 103
890 903
214 437
164 173
354 712
336 451
745 41
358 628
987 100
310 971
721 48
307 341
854 756
915 880
312 155
975 969
829 970
995 446
722 410
997 276
691 921
252 461
513 861
562 854
663 874
882 935
39 382
939 308
247 251
692 100
752 391
644 263
402 150
666 891
977 522
817 574
528 872
456 739
820 448
459 262
833 75
672 55
692 186
511 900
458 16
795 179
541 427
446 813
566 774
183 678
238 695
829 80
478 358
429 802
601 497
364 377
324 615
535 418
300 529
232 999
825 739
842 92
218 978
594 557
791 133
960 143
279 337
323 577
14 998
509 374
455 880
405 427
853 557
34 391
974 787
813 495
729 736
993 811
542 582
77 261
301 957
195 198
267 245
677 602
551 541
204 71
276 13
134 103
830 407
3 860
489 711
931 440
320 851
318 482
394 466
128 298
25 726
13 673
911 248
95 912
276 577
690 429
42 44
602 75
716 503
222 376
494 509
243 703
997 490
90 673
490 944
696 123
398 199
203 29
921 922
596 540
226 890
640 578
255 321
481 268
191 645
855 738
770 544
41 100
350 510
761 437
944 883
598 320
307 297
662 749
918 347
458 316
161 828
787 608
516 354
151 473
279 260
780 303
800 469
72 620
89 530
515 42
226 397
745 651
373 330
979 860
914 692
726 909
248 28
349 610
819 721
107 291
609 37
167 581
75 102
797 974
300 170
604 439
579 947
306 535
434 544
220 497
239 343
25 197
636 800
963 395
853 803
159 374
16 896
272 538
182 61
149 172
632 96
480 733
843 577
318 557
409 727
78 237
725 894
357 410
405 234
733 559
555 467
683 294
370 23
466 514
285 94
786 549
806 544
642 513
792 174
349 855
164 992
99 269
765 858
998 767
13 597
621 368
821 94
547 686
406 924
942 834
744 69
543 993
90 379
330 682
493 910
539 562
353 615
558 303
284 175
584 637
622 917
41 422
207 593
942 540
565 379
610 852
494 763
105 952
549 983
202 194
691 452
783 458
257 616
942 361
943 144
782 790
197 478
288 598
861 871
903 518
857 704
487 389
435 534
454 342
347 164
171 844
192 353
433 73
402 983
172 306
602 639
508 489
788 651
310 83
884 124
975 295
10 311
768 887
588 702
220 324
208 388
375 1000
234 440
758 74
884 385
815 783
51 748
547 723
94 690
4 734
152 361
924 927
138 772
417 877
458 569
43 897
543 564
108 897
911 48
783 599
934 371
95 957
816 542
986 866
290 941
421 149
865 368
678 967
188 590
844 475
147 893
857 96
945 627
843 21
936 369
517 476
341 288
317 993
454 1
457 291
937 105
667 400
647 955
245 132
660 994
161 779
606 135
681 108
836 648
908 813
361 552
947 305
453 88
19 770
386 3
227 615
600 481
571 474
664 680
735 711
115 966
850 367
944 731
874 377
182 296
590 597
224 94
73 431
827 18
244 384
724 906
37 861
461 897
872 632
837 294
200 181
129 239
519 478
742 322
320 938
7 138
125 229
971 717
344 560
242 899
738 796
64 883
84 872
727 136
489 746
641 229
519 252
299 89
731 122
398 351
354 555
355 862
873 797
111 389
693 91
369 255
42 47
649 29
703 214
757 399
744 925
878 328
938 997
687 674
854 177
126 840
454 835
437 959
574 208
939 469
192 894
733 91
302 503
965 605
550 947
326 393
667 463
707 605
13 209
550 440
453 473
294 762
795 35
944 807
966 200
818 83
97 742
685 925
998 97
257 436
689 966
416 247
982 785
514 235
515 94
97 115
758 840
600 342
555 810
576 463
153 50
634 701
232 533
395 93
457 996
997 738
615 252
194 753
270 778
153 706
750 533
563 759
458 957
684 387
722 202
264 590
941 364
928 693
637 445
285 456
694 228
125 137
510 605
828 930
704 752
245 784
983 6
125 890
115 316
632 402
996 147
427 136
764 151
753 386
695 547
94 650
686 509
929 63
124 165
329 795
755 509
21 897
333 687
192 525
891 141
29 150
886 462
660 808
123 468
514 873
489 770
753 125
368 477
27 234
445 55
195 944
198 136
117 367
174 734
212 405
843 197
344 5
491 438
308 608
815 986
445 281
50 491
16 295
217 426
240 965
648 428
153 978
769 423
623 982
231 185
549 20
361 987
844 592
26 243
981 409
364 493
702 583
775 615
211 985
819 101
594 929
268 478
500 76
546 732
118 948
548 50
396 263
355 450
954 361
646 611
150 370
300 171
447 40
654 144
348 191
892 683
617 866
780 876
883 975
567 20
864 197
186 281
423 316
444 889
998 176
411 267
234 325
368 863
534 310
112 937
208 296
444 1000
764 981
512 272
34 108
402 648
898 517
648 752
67 12
964 262
34 991
787 263
510 712
697 112
686 719
191 151
11 501
693 241
254 717
789 718
425 475
122 631
1 622
655 181
915 24
882 925
481 988
651 562
32 450
678 841
863 327
187 814
976 361
8 427
429 677
87 533
401 140
133 349
743 642
484 551
711 160
697 690
811 202
831 957
862 167
187 637
79 699
45 631
84 227
305 714
123 591
753 724
2 298
648 328
364 579
302 9
736 508
72 570
714 201
588 738
148 759
701 989
944 638
84 961
585 892
838 94
148 614
168 380
520 913
599 198
177 242
965 105
487 277
842 228
220 176
993 112
757 471
917 708
689 159
562 231
746 856
414 368
810 660
618 158
908 334
91 306
242 698
902 372
982 837
543 98
470 938
823 914
111 940
663 581
794 660
698 552
505 793
775 156
656 844
17 818
275 390
938 458
764 872
360 126
582 825
289 38
199 479
825 980
98 600
575 128
191 139
284 383
141 465
730 74
837 790
52 114
407 464
65 249
29 350
930 523
806 190
809 746
436 523
412 505
226 869
731 733
512 913
458 363
338 875
763 236
134 560
518 556
581 67
338 596
411 160
361 781
783 440
937 104
973 794
558 632
870 702
317 790
213 997
499 520
796 932
925 840
235 2
406 199
871 433
374 715
837 225
710 113
193 34
495 941
188 779
585 233
970 853
720 896
628 265
3 422
611 605
281 8
64 648
83 148
93 836
908 483
414 480
306 589
427 739
889 972
447 748
253 77
777 697
461 896
870 36
285 370
965 496
368 776
384 45
422 565
208 353
780 788
45 338
160 516
140 554
37 958
501 917
963 96
489 495
128 465
996 248
946 917
674 100
933 745
117 854
9 195
140 806
30 363
507 10
734 991
441 872
887 231
816 684
910 298
342 184
878 478
881 394
725 507
994 747
223 239
766 163
341 112
695 877
147 811
99 34
691 294
284 144
639 676
360 534
749 36
201 534
661 798
64 160
924 416
619 568
545 829
585 760
602 262
964 929
536 680
193 332
408 775
905 469
47 32
692 811
969 746
378 960
758 60
724 388
227 676
709 744
156 760
398 549
292 488
494 881
463 65
339 79
840 744
685 802
233 920
935 356
801 983
714 400
197 765
797 887
230 438
512 969
643 325
749 906
805 904
809 461
22 418
210 66
823 179
362 921
864 75
836 161
249 521
152 230
727 329
506 831
205 871
627 205
20 933
738 846
557 138
320 951
779 144
228 151
837 571
160 628
959 488
63 977
800 623
571 551
600 945
360 182
189 755
140 150
312 185
151 444
607 301
708 959
359 861
511 614
347 449
591 866
962 62
769 376
398 90
648 785
591 787
5 412
227 4
9 985
856 724
811 348
759 34
9 810
377 156
498 286
454 172
130 750
386 644
257 969
135 909
191 647
491 425
808 373
607 15
687 935
174 846
875 335
287 469
752 18
199 777
117 384
322 832
541 574
287 378
969 279
566 915
1 517
827 913
274 627
149 645
800 471
842 126
326 807
889 57
83 110
692 732
383 291
865 32
847 112
560 530
962 922
536 608
590 658
276 350
831 684
944 711
875 792
915 641
556 373
314 120
352 187
707 995
414 55
695 66
457 528
646 642
279 827
620 643
682 702
284 630
406 896
379 432
713 432
362 558
990 532
683 280
977 123
281 572
428 437
671 267
674 61
837 543
731 52
750 272
437 385
39 77
298 985
158 357
870 422
399 69
147 20
440 10
226 551
463 700
184 15
609 818
227 211
308 432
778 688
304 963
191 453
263 952
857 153
19 300
972 254
611 390
478 115
117 721
86 340
1 139
736 949
53 533
80 605
8 138
912 416
35 595
520 37
93 115
814 459
407 115
395 587
680 811
973 966
425 688
616 605
102 504
174 981
970 92
255 42
830 544
121 210
763 527
840 544
749 560
571 432
678 500
148 615
900 566
667 837
795 264
77 342
453 132
681 673
809 500
116 450
153 120
525 659
600 271
563 645
968 339
38 99
528 171
395 100
159 199
665 70
43 438
889 928
491 652
737 340
578 848
300 430
136 834
983 235
824 592
362 755
439 533
181 456
155 830
335 676
447 62
765 47
323 228
896 92
492 101
555 305
936 223
635 527
617 8
12 856
968 894
111 242
226 600
33 56
843 715
458 551
789 737
904 341
423 871
983 303
217 948
130 773
699 732
501 500
228 284
673 505
415 804
739 872
833 243
529 708
672 191
798 531
506 13
804 608
531 116
364 995
350 154
130 726
652 631
320 200
709 610
245 871
630 236
995 801
526 8
691 24
585 573
696 386
737 746
719 430
120 724
250 347
838 40
987 878
948 536
370 804
528 346
474 966
316 305
692 660
604 143
438 196
610 301
993 147
799 181
680 323
883 854
187 181
758 524
524 204
137 297
459 504
400 538
223 884
775 989
44 105
851 267
862 905
367 53
828 553
444 802
323 51
769 445
646 997
43 176
105 143
911 451
716 665
332 146
81 406
800 580
363 868
769 351
608 481
6 358
697 45
147 76
683 14
687 590
730 47
472 851
994 990
864 697
61 799
647 632
599 259
525 855
490 859
142 64
414 741
517 28
226 298
169 166
578 26
165 727
531 144
606 436
436 468
147 667
153 730
777 304
118 242
636 891
451 989
985 181
182 863
952 810
934 206
546 284
776 248
834 338
502 204
88 48
986 521
684 934
772 140
832 191
260 952
247 568
654 360
982 565
732 664
913 978
291 834
458 515
145 761
844 957
349 121
999 227
430 234
236 717
392 969
12 254
935 968
628 366
7 437
426 888
603 568
840 342
771 904
595 204
138 311
871 779
177 283
915 725
348 324
86 560
512 647
863 792
864 170
68 607
898 983
786 685
730 894
603 484
590 226
160 783
306 411
327 365
631 419
565 977
56 36
368 753
796 267
395 372
817 736
51 452
623 316
695 707
259 755
798 728
360 996
878 362
790 728
367 739
65 81
135 252
290 834
592 334
169 19
407 249
464 977
446 577
914 239
992 755
972 441
614 798
617 706
126 580
294 740
357 656
449 238
91 634
918 457
365 375
706 623
581 385
871 943
236 674
18 621
934 551
226 392
616 768
140 984
537 660
241 758
561 302
552 439
107 647
720 841
663 267
422 769
266 204
284 802
569 916
336 718
71 790
22 318
850 87
941 428
724 972
817 102
780 878
441 319
474 323
367 508
323 122
864 182
579 333
478 474
706 491
397 816
698 453
593 153
371 791
635 610
577 160
410 857
207 485
464 482
274 385
546 96
381 611
453 918
699 578
560 268
100 221
962 144
601 592
548 336
932 334
551 70
75 265
402 59
868 169
320 463
504 668
122 855
907 799
235 732
786 228
182 997
551 420
187 913
4 57
443 523
705 988
173 670
666 876
126 646
108 501
91 705
937 225
477 528
251 772
957 254
939 543
99 202
62 450
892 533
179 162
58 785
994 101
852 891
653 886
140 271
164 133
681 117
386 907
4 494
478 317
31 951
764 199
588 540
644 798
150 67
300 980
945 265
567 950
325 39
383 369
775 581
226 428
304 366
231 957
287 127
749 960
54 670
352 122
139 188
624 438
128 907
720 821
93 813
261 737
29 581
301 224
766 492
241 743
314 29
902 362
794 355
342 581
337 148
870 62
358 354
784 341
733 878
771 593
180 757
298 664
450 846
989 993
720 369
955 506
461 333
806 575
621 559
753 511
879 139
912 946
604 946
994 594
702 259
622 90
694 679
697 385
627 704
350 889
276 516
1000 462
821 800
446 190
991 240
721 404
668 181
248 846
139 929
92 839
844 470
153 765
27 212
249 356
726 982
89 403
592 278
131 146
353 262
728 246
948 507
192 51
389 743
908 857
511 194
114 808
339 42
92 341
144 197
897 537
330 272
740 859
710 119
178 348
72 935
605 323
418 687
951 379
663 848
257 875
47 542
410 315
226 569
151 462
715 540
607 538
637 707
185 510
585 120
872 123
662 212
132 935
3 569
957 936
542 622
870 75
373 817
253 75
271 540
755 825
388 728
25 130
633 469
63 990
319 288
565 568
241 121
141 748
168 662
281 473
135 466
882 761
547 867
345 447
418 309
479 972
601 750
980 947
342 476
143 229
237 778
309 141
368 583
593 114
460 47
778 388
708 837
657 733
488 288
951 564
826 392
259 521
605 760
981 808
118 422
355 976
997 353
450 996
693 88
380 357
655 883
347 532
852 767
877 92
640 272
921 898
591 530
501 376
269 322
256 883
957 181
238 963
486 631
365 561
771 273
39 310
666 537
796 228
374 408
168 868
217 339
435 260
166 436
409 353
796 795
37 753
874 535
250 269
714 188
715 333
866 979
848 682
745 770
263 942
71 638
184 866
961 638
182 408
419 118
798 508
188 809
866 548
871 36
999 115
788 616
391 21
932 271
594 218
746 33
271 624
559 985
506 829
824 666
168 882
337 109
656 743
806 681
555 491
632 294
256 850
506 543
269 190
311 994
259 839
581 380
915 144
1 94
458 749
574 695
21 541
649 348
183 370
57 233
482 358
446 405
473 25
598 11
484 703
569 247
329 634
574 96
796 42
468 907
435 66
621 233
695 992
347 22
583 91
189 79
961 30
285 732
783 333
790 571
627 839
278 271
322 579
143 595
657 176
779 811
10 840
1000 962
838 486
913 957
951 669
921 474
830 522
446 819
36 11
171 411
349 92
689 999
141 368
913 735
400 822
701 664
614 347
357 962
67 90
323 718
889 171
272 368
811 677
974 883
598 883
676 985
769 169
258 686
116 142
353 724
172 104
120 201
357 164
825 626
218 870
497 545
375 512
410 644
330 895
915 609
509 858
43 362
563 97
346 104
896 114
773 404
756 380
974 303
595 950
959 467
119 396
989 724
466 766
837 541
845 2
829 925
495 377
595 551
834 821
997 461
548 727
366 398
960 835
613 951
445 773
449 450
912 998
617 211
307 845
919 594
425 250
268 117
841 269
308 289
131 296
888 771
958 447
212 325
736 951
442 718
207 450
482 223
139 866
175 32
198 131
310 62
937 113
955 655
590 105
45 628
6 705
156 691
72 686
883 806
773 556
121 103
856 238
675 530
718 660
779 560
672 753
781 98
395 811
166 846
734 130
439 34
303 605
129 589
542 736
45 56
317 691
999 443
948 971
777 169
805 590
223 909
370 627
817 48
785 530
698 789
202 612
831 595
444 681
447 346
171 915
197 943
884 239
118 446
614 48
210 298
530 973
282 472
955 396
703 762
461 251
712 135
129 929
426 229
58 358
512 110
967 833
163 734
238 6
360 873
134 333
601 514
583 630
342 32
643 805
578 274
9 53
946 718
892 118
678 793
479 30
924 185
542 376
393 289
468 749
680 368
234 907
166 92
204 231
658 367
319 566
748 996
679 278
888 799
692 163
195 909
126 675
827 652
424 425
614 852
880 375
852 809
320 202
545 903
730 397
658 158
875 144
205 678
410 383
586 332
271 367
326 67
221 439
945 475
763 444
196 619
400 80
2 188
314 762
233 490
599 492
123 842
474 964
607 500
420 482
554 82
985 40
192 321
690 448
69 5
789 508
718 402
311 72
261 691
541 951
672 970
953 515
20 686
920 500
97 309
443 289
483 844
215 285
718 172
7 113
250 908
552 686
793 132
190 468
431 970
841 688
975 549
559 794
945 722
718 274
349 874
637 247
90 969
694 870
683 499
167 34
243 392
368 727
521 381
40 840
246 744
302 686
618 599
35 977
414 600
592 70
242 323
290 988
696 100
947 46
614 44
540 941
578 24
27 258
155 457
925 741
433 751
964 797
198 297
970 478
143 344
428 361
498 699
769 72
359 766
739 100
134 772
339 882
586 273
491 95
75 796
94 8
889 448
248 440
527 996
586 352
434 29
953 972
520 989
653 832
339 193
953 829
202 331
421 555
64 376
176 866
512 972
159 123
552 477
92 398
76 779
920 22
295 619
956 295
375 873
210 65
887 793
581 94
212 61
784 726
112 675
3 532
408 228
409 845
56 662
589 468
435 993
609 510
866 21
217 481
940 898
867 930
828 860
154 571
34 213
163 811
483 582
582 602
950 478
165 750
334 162
186 379
564 596
730 892
358 533
55 623
259 838
122 748
138 841
677 804
414 549
610 760
755 449
294 207
243 533
190 12
212 588
843 866
344 796
131 446
482 470
261 28
388 422
9 815
678 3
293 111
424 466
522 535
304 824
363 231
515 738
221 733
826 993
852 865
122 386
840 809
676 439
144 864
770 940
719 499
919 13
207 271
325 176
929 571
37 332
192 235
19 830
685 481
903 430
802 735
291 94
370 765
847 125
137 804
783 945
272 369
275 946
257 195
573 477
478 643
233 220
343 259
864 106
611 743
466 842
12 450
270 746
343 496
883 167
824 457
278 517
121 736
140 542
862 839
686 497
67 99
655 610
837 651
821 278
54 367
783 895
940 132
837 540
436 987
935 387
4 743
556 948
410 982
413 437
482 767
684 740
366 399
189 430
579 250
622 188
271 184
388 67
57 772
962 94
890 636
229 526
364 875
860 864
865 769
649 89
941 880
28 876
182 228
888 772
796 15
725 415
123 357
655 452
970 278
611 24
80 592
833 54
890 193
52 734
771 360
442 702
339 810
1000 912
396 227
576 762
696 489
884 534
227 737
265 796
344 771
365 370
463 58
676 137
508 466
58 736
184 795
496 605
850 388
26 66
837 154
675 371
126 211
555 985
992 221
650 959
326 544
419 158
276 381
560 896
867 23
157 526
234 131
396 694
806 901
456 153
392 737
926 354
395 502
127 557
685 905
254 768
432 881
324 295
704 456
570 443
147 486
86 745
586 673
294 474
820 950
128 376
437 482
846 838
522 24
155 593
467 867
379 191
328 623
661 435
540 676
760 626
411 888
982 241
255 593
479 25
27 392
851 906
234 904
517 37
593 327
924 41
670 477
577 113
415 950
682 704
522 604
377 285
117 291
99 232
933 23
518 947
463 827
306 5
839 209
553 28
607 209
618 806
4 460
300 555
282 42
832 332
269 992
277 501
466 462
689 291
789 394
872 816
390 719
118 704
802 519
51 886
666 118
686 109
819 524
567 186
383 629
573 517
940 776
375 677
391 64
177 508
249 283
462 495
708 387
323 935
106 317
287 768
519 469
854 556
582 639
641 79
410 876
216 799
772 902
910 524
547 754
667 17
532 6
327 650
440 86
459 274
406 895
603 466
962 167
393 96
144 527
711 544
307 998
93 394
243 568
670 287
564 262
643 657
221 933
741 69
541 18
778 740
872 384
557 738
57 941
424 360
722 841
445 46
674 548
614 536
808 526
147 668
795 414
648 87
801 782
654 77
145 67
611 80
170 662
136 282
688 807
785 115
771 416
795 38
144 148
610 123
956 83
61 418
853 582
254 429
420 263
993 67
558 229
762 384
966 382
418 800
591 103
6 987
58 651
409 931
102 112
28 883
180 794
641 280
628 408
774 476
176 65
586 948
609 509
936 603
707 920
102 850
655 664
31 338
128 147
38 682
42 569
243 216
65 712
686 474
447 482
81 637
566 124
270 553
825 822
509 805
937 812
440 276
171 484
747 681
949 157
16 727
91 141
242 51
719 519
315 965
501 742
51 555
255 779
458 747
80 41
869 487
318 119
855 180
240 431
243 532
338 980
890 601
981 782
782 337
87 415
125 712
697 447
597 350
235 561
928 229
179 429
260 234
799 903
428 818
13 782
895 558
914 91
644 293
313 672
450 790
83 566
834 258
265 517
438 724
165 36
4 358
49 587
984 90
107 221
731 807
736 651
164 364
558 948
45 671
607 670
943 250
469 527
363 4
365 686
739 132
235 389
334 647
616 756
466 263
709 345
469 752
326 795
611 955
244 176
580 714
84 793
895 610
88 476
144 414
707 713
597 613
159 94
269 522
533 973
257 194
918 153
508 451
951 67
609 424
665 110
331 942
617 869
101 348
710 750
345 682
732 82
258 607
712 30
604 20
492 983
906 930
10 127
768 911
453 881
347 146
186 284
820 405
199 502
436 932
902 201
66 425
375 209
490 163
332 36
501 619
731 470
915 31
590 415
593 457
205 401
815 574
228 356
341 67
899 627
756 818
316 903
133 311
373 722
299 723
854 131
910 401
566 567
143 354
991 46
478 119
5 269
528 950
252 576
806 113
476 588
312 661
575 700
652 591
800 186
710 477
213 859
964 997
750 912
390 6
566 800
739 447
706 684
947 170
454 14
697 919
292 477
404 759
956 932
173 595
467 62
529 207
434 781
736 501
108 164
575 880
89 993
861 3
366 675
130 165
6 528
707 677
335 876
317 689
266 933
859 622
287 9
288 953
642 8
562 168
720 808
404 811
171 608
542 625
673 742
881 891
733 250
93 859
295 387
647 174
944 447
381 289
251 591
197 941
606 523
275 687
148 167
884 233
33 500
551 407
577 775
319 158
474 469
214 275
87 3
966 770
918 737
45 756
618 351
46 796
821 410
717 25
555 322
204 428
82 528
34 879
916 369
560 483
911 283
986 253
109 122
221 832
185 346
407 495
624 589
587 339
234 905
113 200
275 509
108 325
386 729
79 580
613 540
762 838
305 527
948 343
106 808
536 593
386 840
574 137
784 699
218 679
481 447
870 691
706 688
778 773
340 118
123 622
508 976
754 644
504 887
502 390
225 160
131 962
206 394
633 926
907 743
619 159
586 44
913 788
879 929
875 638
572 15
477 205
261 800
651 408
260 433
163 66
183 31
975 483
723 122
82 142
582 195
419 189
885 915
704 349
528 139
90 564
354 993
116 192
210 381
234 375
162 504
552 656
402 555
58 57
132 704
738 679
688 80
501 553
141 890
185 186
8 605
155 798
376 587
565 807
858 339
416 482
289 84
656 26
682 517
855 794
868 808
688 190
372 703
428 633
580 583
930 215
418 419
215 699
42 503
217 875
40 748
241 846
882 980
378 286
535 902
664 341
389 772
785 567
17 349
38 53
166 126
542 570
591 65
326 368
990 795
826 856
277 852
577 214
563 359
670 585
185 604
505 517
761 418
818 875
302 360
909 384
441 458
142 273
515 793
438 632
458 106
709 723
13 92
571 542
623 841
774 800
842 214
736 445
75 112
345 947
287 48
771 895
332 671
168 456
315 427
23 986
137 927
559 644
118 604
945 897
889 914
977 368
280 32
120 287
393 711
232 313
432 171
907 784
480 679
375 942
926 458
549 856
717 511
344 995
484 383
980 612
200 437
772 635
777 779
760 717
688 346
872 391
687 803
466 680
929 64
986 403
814 867
842 991
937 717
612 457
460 78
962 136
156 375
198 734
15 60
405 806
517 858
954 612
811 437
482 357
412 24
455 90
496 137
230 862
873 541
88 835
658 435
764 15
329 639
679 331
277 775
766 219
122 174
375 304
871 169
346 566
397 44
297 106
631 995
777 336
501 202
985 149
14 393
127 256
256 961
39 974
390 840
501 123
249 146
732 713
615 407
946 298
140 246
344 809
112 261
159 815
614 636
212 159
193 580
784 929
641 552
614 463
117 173
999 3
12 15
30 124
491 1000
129 365
37 428
311 508
671 813
361 260
125 355
567 844
805 599
956 453
637 648
72 192
462 437
101 347
78 69
998 170
655 767
659 760
825 736
935 351
190 402
48 391
487 31
450 359
459 511
846 249
884 436
139 586
851 549
599 899
41 634
458 524
225 979
56 774
195 743
455 169
83 774
467 679
412 124
161 292
974 568
952 25
91 551
717 807
338 840
674 20
806 625
13 928
929 831
770 765
978 888
568 472
967 48
236 62
553 260
240 57
459 793
867 100
117 846
401 491
601 340
269 24
588 826
334 966
118 937
583 241
783 467
625 315
554 777
74 918
116 362
305 861
760 397
244 870
649 612
852 101
196 641
857 713
804 484
865 214
314 862
173 239
709 461
412 885
595 668
975 14
889 841
852 315
900 849
906 658
31 503
824 887
471 236
2 795
901 925
594 161
557 43
334 92
72 75
288 818
96 337
149 201
171 257
747 594
287 703
695 210
511 524
78 208
112 534
542 163
157 223
290 480
453 852
259 883
276 179
868 821
464 51
542 50
411 604
449 400
671 490
547 728
587 999
826 257
735 459
483 382
111 366
880 200
940 392
924 773
542 492
122 917
454 956
626 37
165 423
94 471
688 576
669 969
341 102
640 739
697 502
610 529
298 363
433 704
855 605
783 224
570 597
990 828
347 810
644 316
159 17
909 266
186 244
491 487
151 203
815 160
674 736
895 886
531 345
643 371
244 418
207 336
652 451
635 285
505 48
531 454
326 70
681 85
424 202
559 28
866 527
690 157
709 655
678 442
871 431
469 695
76 915
224 230
373 267
88 405
642 122
171 574
305 180
470 750
236 900
111 744
576 361
595 55
615 136
400 543
861 264
438 507
612 914
262 181
112 777
898 421
205 437
299 176
162 104
436 895
181 619
537 140
738 791
426 309
483 444
615 511
623 429
405 565
29 105
727 118
837 978
696 666
882 253
755 377
685 542
854 383
603 189
329 864
497 971
725 642
119 151
503 244
570 913
536 865
901 87
333 533
597 440
281 906
503 357
234 337
397 312
130 917
248 878
943 285
216 204
198 300
806 47
131 357
80 395
498 694
247 785
31 708
714 649
514 702
558 559
669 622
28 282
217 343
662 729
19 585
353 151
359 473
605 385
808 189
457 81
586 624
429 171
231 227
412 927
785 147
127 978
975 635
120 595
889 39
992 295
624 276
155 212
679 968
629 45
666 473
248 8
339 179
577 485
549 300
54 858
699 403
628 363
405 36
742 471
944 282
83 182
230 59
451 314
234 182
335 647
55 420
112 678
556 399
45 142
818 398
55 469
976 538
738 729
729 906
800 527
703 686
523 60
599 777
177 760
911 445
381 376
973 84
634 888
731 46
271 899
842 845
916 468
993 751
354 599
280 366
807 739
998 632
12 797
952 288
698 268
864 636
593 82
635 955
218 169
493 17
43 974
321 160
782 343
126 909
811 453
80 329
912 157
772 440
179 476
696 242
915 336
458 757
373 798
563 322
302 282
74 413
537 803
130 667
938 738
580 903
819 29
808 266
500 262
102 470
896 893
143 972
350 256
705 311
637 820
5 235
451 619
885 6
580 564
389 76
736 346
292 232
81 619
851 123
944 695
11 832
943 587
837 52
400 697
699 447
906 767
987 504
291 417
846 429
408 195
462 442
319 279
390 70
360 363
275 258
775 177
7 203
444 999
232 165
86 704
858 409
930 58
470 867
987 55
593 156
486 439
891 467
910 603
310 699
894 714
879 114
256 324
367 846
209 292
393 45
696 850
73 821
293 716
521 297
333 763
527 327
68 632
753 304
790 927
189 284
192 608
953 708
946 697
595 84
678 832
717 806
829 748
669 899
873 760
948 206
715 205
65 48
981 2
14 507
805 468
844 318
170 733
446 614
783 429
712 368
673 709
743 409
430 474
640 836
625 314
32 37
420 20
4 491
889 509
687 54
391 405
305 860
219 690
805 135
194 188
576 241
410 462
222 701
931 881
900 466
101 523
417 580
989 76
93 951
36 562
565 949
553 844
1 59
214 765
439 220
477 393
996 655
779 355
46 358
175 838
180 988
181 389
914 946
758 597
746 4
300 21
746 101
451 131
567 113
825 438
550 865
112 893
901 557
43 317
336 321
485 838
266 20
414 164
823 792
439 932
977 456
744 864
779 222
708 72
641 145
533 419
668 4
764 871
301 671
450 251
109 342
842 901
797 999
21 736
941 591
265 54
361 834
952 472
919 684
586 450
70 874
930 403
141 794
475 626
939 195
78 653
286 996
442 908
544 384
964 805
839 443
705 947
599 6
771 312
259 492
832 314
260 819
472 441
550 404
682 276
403 973
63 61
406 508
118 906
456 621
454 392
990 238
774 939
355 557
762 137
589 1000
662 796
41 838
353 84
961 917
780 495
283 641
782 613
552 86
571 466
55 189
607 496
741 910
816 475
11 827
528 495
603 933
533 914
349 305
701 732
33 944
900 822
484 415
525 671
234 575
76 705
516 870
441 324
8 865
427 873
964 16
713 272
508 372
650 259
300 392
140 545
293 977
264 236
3 875
578 545
65 658
903 731
676 578
381 452
720 338
94 752
774 51
838 467
925 189
569 403
879 170
169 637
42 501
800 713
605 560
647 737
317 286
695 757
959 800
742 688
631 104
598 83
321 997
507 417
87 730
757 562
706 496
106 644
530 34
201 744
933 167
148 993
493 142
528 527
17 14
550 432
937 77
558 927
27 981
304 638
626 178
767 303
491 224
202 405
60 27
922 938
871 381
999 136
510 857
840 751
732 990
698 661
878 895
315 207
334 729
26 22
854 393
788 902
741 195
134 499
672 635
214 802
859 571
183 125
629 221
261 659
942 250
374 968
913 528
951 120
276 304
774 467
467 735
124 650
876 320
625 927
663 533
45 286
690 597
485 87
458 933
2 627
133 651
25 786
962 629
413 139
306 989
829 771
391 724
436 963
840 460
337 504
81 500
615 997
368 664
989 794
385 692
46 480
243 616
222 571
191 896
397 633
626 27
990 584
132 250
78 602
857 277
14 194
911 112
905 961
304 228
514 865
366 816
513 594
442 836
904 113
238 638
507 619
299 807
28 383
16 287
728 508
278 243
117 393
1000 967
801 682
415 318
788 836
862 493
590 811
294 617
922 910
662 542
515 21
295 805
560 698
813 296
451 507
378 569
326 579
165 613
616 204
799 250
34 416
527 717
384 351
866 581
560 920
803 76
589 611
384 206
225 420
157 471
656 282
534 351
239 207
621 803
361 181
592 567
845 219
522 270
480 581
869 213
101 59
304 565
910 937
969 583
986 339
352 938
367 216
8 535
505 217
769 835
510 752
924 908
373 920
11 493
693 249
277 770
868 113
319 827
199 933
454 598
112 21
776 907
904 271
769 955
610 523
540 866
389 858
696 32
678 976
795 852
28 189
373 978
930 705
550 30
131 188
938 820
190 665
356 737
416 694
2 435
937 116
614 828
355 427
567 750
969 683
442 557
888 597
376 297
467 312
647 93
476 284
192 203
799 440
616 463
14 564
36 84
6 644
308 520
589 805
457 842
330 472
663 270
84 687
489 257
236 930
867 768
263 13
106 434
371 42
723 321
854 917
581 931
944 166
384 89
314 442
67 434
305 505
159 482
595 1000
281 624
160 623
967 684
785 960
54 335
294 478
925 496
599 917
906 212
910 564
752 856
952 362
555 183
817 576
640 68
910 679
638 744
696 879
74 911
388 181
560 302
48 530
566 500
678 786
902 970
262 565
726 14
910 449
40 529
473 197
809 867
188 360
377 289
251 456
736 872
364 105
383 223
1000 34
792 766
153 624
504 924
216 16
772 151
460 683
924 378
738 836
378 812
786 375
326 68
895 5
75 964
792 924
995 695
637 778
528 706
287 315
895 86
182 519
329 113
535 1
408 576
544 634
839 911
128 591
614 405
462 166
286 496
16 148
624 377
365 917
757 435
707 642
407 592
267 485
612 781
663 643
245 624
727 460
61 658
551 738
399 593
703 551
682 792
859 375
9 47
263 921
162 644
551 627
399 454
664 877
936 754
479 532
742 154
655 561
501 925
707 222
708 173
51 674
388 907
378 307
459 278
648 770
190 138
624 519
610 721
749 886
886 514
890 577
159 794
934 404
96 810
434 426
660 652
477 584
901 75
700 897
406 703
457 977
925 657
231 430
734 259
572 17
886 206
856 397
676 408
878 546
347 982
357 153
890 116
123 527
61 333
925 804
478 834
880 968
390 540
728 869
879 966
699 292
850 94
19 317
336 605
125 461
169 232
831 513
903 244
236 839
909 547
803 32
850 59
290 213
571 76
590 856
239 170
831 406
63 954
600 748
693 593
59 641
410 733
432 829
987 45
60 961
573 888
975 516
342 387
845 418
152 315
906 236
104 20
218 4
772 757
388 254
104 163
412 228
269 216
180 120
56 70
937 579
976 503
526 943
178 617
575 673
899 539
411 981
583 859
105 680
576 555
593 643
591 904
406 744
782 119
127 444
273 101
131 323
339 676
88 100
270 627
992 650
809 964
151 13
221 329
774 993
813 517
981 319
250 299
107 110
969 287
970 32
115 619
313 826
482 902
957 97
71 600
148 587
519 964
685 476
780 432
13 351
749 981
163 398
793 779
617 591
687 483
49 11
12 153
956 448
741 598
667 927
101 503
961 857
658 830
182 152
257 119
242 655
738 520
885 471
638 49
290 249
182 11
997 926
968 84
305 476
803 429
346 256
600 887
546 248
401 686
655 910
113 740
111 113
205 204
426 267
615 730
211 839
985 536
109 368
290 330
191 158
484 916
466 651
341 877
254 762
717 194
556 832
462 999
929 978
381 749
679 10
937 447
935 156
557 682
20 845
551 460
882 997
204 249
778 696
853 228
69 693
360 967
145 237
866 337
5 265
777 480
781 472
963 525
146 209
133 469
688 788
598 267
621 170
700 351
979 400
744 523
502 271
503 103
587 247
645 475
563 126
766 603
913 915
897 566
952 711
540 342
692 521
70 237
970 983
847 431
577 735
123 848
723 96
880 936
827 147
337 483
101 410
102 173
949 748
127 714
2 871
519 718
150 279
440 515
261 635
634 621
817 187
105 121
927 202
641 501
716 911
932 732
828 541
216 921
72 776
173 192
39 443
898 591
565 606
559 780
28 709
910 906
87 31
141 931
146 591
399 131
493 292
216 435
152 452
356 108
48 309
979 46
711 682
19 983
967 572
751 101
238 8
357 974
513 846
431 317
703 87
433 795
584 677
553 570
612 19
27 399
134 609
708 526
472 238
750 129
697 507
517 32
76 810
62 214
838 612
382 672
221 638
459 937
832 397
886 880
943 491
118 986
247 344
312 693
578 208
136 355
304 709
585 596
970 134
560 300
706 652
47 388
822 778
686 292
311 307
912 162
745 540
396 653
787 674
607 365
227 913
49 185
625 518
12 267
116 447
400 884
241 858
644 543
701 730
571 930
512 917
70 491
267 101
612 782
847 161
978 80
228 567
120 152
732 103
907 27
519 323
647 142
832 565
779 30
767 943
833 516
842 626
458 911
703 695
426 417
172 189
154 592
530 811
223 876
284 907
345 384
574 563
223 419
850 715
617 236
62 340
289 217
277 889
256 270
668 579
302 833
151 528
643 775
644 468
789 525
333 641
27 506
856 594
892 144
325 753
678 831
679 210
269 490
86 593
955 987
99 45
502 58
449 174
386 806
246 63
636 883
929 331
697 753
31 519
226 43
839 226
87 826
844 727
260 928
981 183
672 288
765 106
719 394
496 700
264 847
649 592
210 646
981 395
269 831
273 452
183 857
59 343
373 379
374 556
508 726
469 840
431 911
699 295
917 740
168 317
775 650
832 964
335 179
463 366
224 116
728 101
444 521
690 369
174 358
729 749
604 495
129 39
385 93
780 834
361 78
125 445
81 191
51 995
125 46
751 334
149 270
298 712
228 777
677 937
788 427
789 990
709 696
835 112
656 621
732 280
806 563
309 121
539 916
404 291
982 612
48 765
159 731
20 371
302 861
692 301
506 760
476 976
4 815
649 470
982 50
181 849
204 214
170 450
961 501
744 995
714 519
255 741
209 761
754 792
706 634
199 994
368 38
198 158
808 382
520 50
282 845
890 38
32 892
676 445
948 442
232 959
247 532
382 805
532 808
990 164
615 777
809 355
852 410
258 20
387 680
615 926
825 85
628 731
79 237
173 24
115 825
281 207
727 518
931 5
59 974
6 843
465 491
968 30
975 476
23 728
46 555
530 992
219 53
366 196
333 5
336 503
210 934
855 384
362 535
462 815
39 247
955 470
320 795
321 502
284 766
581 624
90 189
44 367
493 208
60 853
260 375
560 437
82 553
835 253
211 823
358 954
329 940
407 575
328 633
385 662
705 537
703 50
892 105
285 885
720 58
683 78
722 744
355 17
281 982
907 902
289 483
645 6
189 138
412 495
394 686
208 805
403 724
286 281
375 272
383 701
89 447
914 184
91 729
311 520
982 683
558 384
539 218
688 996
339 816
835 855
588 645
809 176
918 370
176 627
509 107
526 375
928 3
72 548
456 707
81 682
506 977
923 345
579 992
158 418
109 648
817 93
40 401
153 214
580 555
466 119
720 926
165 519
957 555
559 715
202 638
965 224
179 663
326 538
845 522
244 439
104 514
286 180
253 191
533 861
316 531
287 810
555 522
721 806
868 723
487 979
418 182
113 566
3 966
314 263
644 137
405 940
194 977
712 142
180 364
695 351
228 80
752 858
241 219
169 518
721 81
892 30
643 810
780 479
310 517
4 848
481 901
336 128
177 880
859 380
274 202
863 284
789 601
703 167
65 247
798 649
765 618
380 456
473 90
863 429
648 210
507 823
661 768
961 46
528 919
710 419
718 3
121 226
724 619
256 798
596 462
796 152
669 646
781 332
152 96
692 857
142 318
382 899
256 909
580 986
652 511
984 792
908 849
982 550
767 308
715 345
294 548
136 578
203 657
322 821
287 293
900 652
373 358
376 438
672 739
12 124
434 810
953 810
366 721
19 892
918 120
171 933
923 466
144 475
533 927
97 477
426 765
278 778
462 215
803 185
110 581
239 291
507 741
261 717
278 741
805 380
570 263
368 979
840 1
552 661
920 153
828 546
354 877
134 119
228 790
677 983
685 694
422 690
158 229
262 971
822 179
551 851
94 778
774 54
392 368
601 758
176 487
696 670
933 671
806 615
42 496
777 867
816 727
748 658
214 18
754 63
661 465
406 992
482 346
66 29
599 165
947 700
217 927
678 828
829 672
777 93
731 642
660 654
214 225
312 884
520 313
24 87
43 644
636 797
194 360
195 961
551 356
493 732
614 920
62 307
360 687
786 439
810 305
815 64
728 218
913 56
397 103
910 724
684 893
170 547
64 34
815 663
763 480
790 243
843 264
222 977
153 876
553 953
263 588
46 225
846 13
862 391
80 971
323 481
616 813
823 360
680 10
383 305
738 256
222 625
561 313
410 359
110 758
55 51
251 73
267 684
376 176
417 498
970 718
689 46
124 645
698 212
745 215
871 915
34 236
16 559
916 242
555 594
849 177
768 953
424 895
591 417
115 408
68 587
456 613
399 250
333 322
685 749
7 897
764 170
640 18
733 737
55 37
739 636
503 610
40 717
540 746
479 206
839 350
554 474
661 614
152 586
924 248
14 112
476 759
386 747
905 285
304 928
910 46
402 257
618 188
101 928
852 872
675 913
966 144
169 308
634 32
801 687
991 756
762 204
529 229
452 828
879 887
166 682
540 483
303 519
895 505
718 418
850 298
689 872
376 93
638 341
585 175
685 26
755 731
21 163
443 241
607 435
254 173
37 649
426 580
228 968
814 851
963 375
581 972
908 300
196 110
992 389
59 830
958 702
171 280
451 188
592 355
710 627
949 985
612 549
725 770
7 199
584 94
293 918
635 637
262 163
113 283
930 169
471 267
328 747
592 840
740 208
690 809
988 938
12 829
513 864
933 599
181 914
334 621
717 192
133 31
336 165
673 122
178 696
215 759
742 73
726 359
607 227
759 506
299 696
636 103
530 308
877 907
42 850
716 15
383 245
112 345
846 702
960 633
759 107
320 472
504 677
910 411
53 490
352 631
478 121
926 496
674 614
614 928
209 885
709 628
248 584
90 880
398 969
112 120
184 597
403 949
154 373
317 775
464 837
193 281
491 28
631 736
46 174
504 865
356 962
40 3
925 995
514 311
400 471
924 753
406 161
774 636
392 906
979 974
338 58
659 972
966 696
288 959
376 232
253 190
471 235
625 971
884 64
885 425
945 717
106 448
898 474
646 868
613 287
558 368
251 562
289 977
146 570
608 241
293 825
223 589
629 549
578 985
190 435
427 47
914 426
980 817
750 331
197 713
453 863
937 845
315 914
696 730
507 394
426 124
566 344
717 228
773 146
920 890
377 603
765 760
386 652
414 612
238 872
651 587
672 726
568 155
398 24
807 836
62 133
619 696
247 155
696 63
236 136
956 753
188 363
970 917
583 946
843 1
202 155
317 186
559 510
165 757
970 132
808 311
19 560
666 701
27 973
250 254
808 198
645 573
813 587
163 362
793 671
115 549
795 369
889 14
627 305
533 557
185 663
93 102
455 899
439 30
672 595
465 272
249 649
876 546
572 875
917 731
427 732
873 316
747 279
570 260
733 216
220 397
703 544
150 416
617 807
375 595
836 199
451 99
458 909
185 851
615 357
252 141
803 359
611 55
936 644
646 979
590 595
43 59
402 24
45 971
489 615
932 807
920 807
351 265
78 467
947 526
158 427
622 140
713 848
354 353
113 908
955 767
797 16
265 423
692 506
195 674
752 549
454 925
350 834
406 592
192 684
191 438
5 318
83 946
692 24
985 18
821 811
743 767
505 245
801 416
506 166
469 274
786 436
588 1000
790 532
296 184
350 15
160 79
445 265
265 611
732 739
895 785
416 753
454 89
974 672
576 799
460 714
53 885
239 642
408 190
776 448
602 387
321 549
288 682
328 455
383 419
974 578
277 274
960 156
942 28
525 76
358 231
819 339
491 770
990 488
240 178
505 978
524 900
463 360
954 345
258 336
558 95
814 965
866 560
656 419
254 182
534 452
98 898
45 137
547 91
529 580
245 565
858 332
388 677
261 433
558 313
372 340
585 381
56 525
440 684
2 591
777 595
834 516
67 399
985 912
603 321
696 605
578 513
601 672
581 666
656 623
886 855
976 204
225 856
209 307
690 770
591 358
953 76
256 492
95 731
43 948
957 889
856 897
30 690
512 221
481 297
492 309
294 199
406 909
78 606
897 855
372 959
670 354
503 215
514 970
329 656
226 888
801 354
820 58
912 488
381 808
274 418
887 482
246 494
799 908
449 136
195 956
779 127
863 117
645 194
229 12
295 223
958 283
818 694
443 659
113 500
158 8
670 830
325 791
439 307
847 694
114 790
568 278
912 349
179 878
168 253
893 16
259 198
667 197
482 901
861 135
974 606
648 412
346 213
11 758
864 260
991 917
111 87
909 866
988 189
756 129
974 888
850 186
157 546
512 607
767 771
76 694
422 910
900 778
116 151
278 674
135 111
564 867
637 371
289 859
988 963
556 255
139 566
443 478
580 245
695 196
510 538
975 628
68 816
821 286
722 309
426 246
100 481
742 816
