814 976
621 727
560 133
106 676
12 800
681 386
754 760
261 525
597 216
40 179
307 345
173 530
276 550
637 600
162 339
631 425
204 389
130 327
488 803
711 481
408 155
120 380
94 657
72 340
123 432
533 425
691 441
597 624
269 243
748 618
210 245
549 189
677 125
279 380
630 374
130 189
578 660
450 439
463 811
398 203
638 304
754 328
476 557
461 297
556 215
149 231
185 534
514 420
810 450
113 130
810 254
755 52
732 213
798 457
682 198
539 166
217 807
319 812
250 549
136 776
513 38
300 523
186 618
85 12
804 623
789 792
646 558
513 87
489 442
249 253
354 562
50 56
263 237
359 807
395 317
250 197
78 585
5 392
694 56
223 796
251 23
644 487
578 742
142 780
622 231
479 111
280 106
306 496
362 725
394 334
348 750
438 221
696 428
568 589
95 576
619 167
528 684
403 680
286 565
486 513
199 593
312 186
725 478
347 103
376 771
749 40
126 286
136 145
535 740
613 521
768 313
506 801
617 482
655 192
103 755
376 419
428 548
580 630
93 131
653 543
490 643
717 612
268 579
127 769
485 798
137 699
355 332
196 261
94 617
679 781
368 114
669 240
635 394
472 536
749 594
332 139
748 330
458 160
50 437
637 325
262 189
441 338
408 800
622 615
282 190
355 286
106 447
537 558
735 695
746 535
554 315
781 20
195 433
224 694
776 355
795 1
404 601
33 449
380 668
339 443
592 182
36 663
698 299
336 47
186 458
502 654
332 777
678 145
516 774
534 322
414 527
64 90
82 601
593 448
757 471
20 222
808 500
614 587
750 97
667 709
234 694
591 80
222 152
41 684
300 565
639 658
591 665
87 252
243 519
76 464
353 177
211 558
143 764
113 597
346 772
460 139
803 669
6 47
552 719
728 73
791 798
725 399
664 146
743 750
738 466
86 347
347 764
723 656
615 455
132 346
116 327
548 524
271 26
597 752
280 716
681 454
574 198
676 477
377 701
189 264
395 677
575 110
107 418
656 427
388 14
549 58
18 273
360 231
28 365
61 249
116 305
397 725
246 542
478 501
263 163
615 533
108 219
229 217
534 378
653 378
205 581
170 719
108 109
350 426
766 318
213 678
103 201
539 348
572 422
102 426
69 201
411 193
637 644
297 335
692 386
513 507
626 442
479 620
746 289
118 358
105 294
495 399
176 743
720 234
245 313
669 636
75 17
756 707
122 256
481 375
526 184
114 346
119 148
365 337
559 733
219 228
344 215
686 291
40 176
606 685
453 501
297 762
86 628
464 715
153 486
163 193
187 76
740 46
631 343
286 512
64 69
280 79
127 163
665 135
699 489
463 566
550 530
767 360
599 490
797 584
27 627
598 782
434 6
321 614
674 76
25 463
271 421
645 195
410 716
338 426
513 21
684 717
192 334
211 529
571 780
589 639
154 40
309 688
249 160
463 654
350 295
4 640
512 449
238 284
199 128
296 706
564 771
455 609
306 523
576 275
558 423
376 324
468 284
189 560
137 178
5 481
226 612
360 626
296 185
814 15
14 650
719 610
78 286
374 603
388 740
199 366
177 436
621 261
699 400
198 500
552 243
291 444
627 451
142 181
169 325
143 432
99 293
284 401
103 111
137 308
779 197
159 484
496 99
583 205
230 311
64 300
566 458
686 90
721 54
399 103
58 561
716 394
175 303
634 373
482 702
339 796
569 17
165 603
346 739
25 473
731 710
35 658
598 754
587 598
159 98
343 641
106 402
429 234
143 175
127 673
737 802
638 257
529 646
251 152
203 297
67 638
305 504
357 474
399 707
87 499
331 466
360 624
513 350
754 773
625 4
650 552
581 295
320 309
152 242
316 594
218 279
562 795
308 286
145 632
283 260
94 80
643 189
290 58
692 61
205 610
451 259
652 538
724 639
391 141
122 99
680 746
281 556
575 300
261 93
364 799
762 222
80 245
455 162
59 37
54 746
264 101
106 348
588 149
514 39
668 540
590 511
211 61
193 730
268 327
545 274
475 618
638 234
284 443
751 563
338 372
116 283
324 320
525 678
327 666
138 131
445 564
431 309
536 261
221 652
207 106
522 604
433 354
286 707
38 249
372 489
180 392
175 228
36 66
631 664
473 9
189 795
564 26
431 377
102 124
420 463
363 264
545 305
499 334
311 73
668 276
660 425
168 594
318 133
624 345
144 370
787 126
372 119
390 370
781 376
12 128
258 395
65 773
346 581
35 220
349 728
670 467
488 486
32 732
671 31
754 288
696 382
545 795
59 396
50 561
372 71
339 152
460 764
128 272
443 363
96 351
437 657
747 473
10 131
106 159
51 127
297 416
336 48
114 99
792 398
446 771
409 101
343 561
456 287
412 486
737 293
771 380
798 237
52 119
639 796
671 582
437 247
13 408
776 236
403 346
734 142
333 549
320 775
36 430
225 18
516 469
73 491
565 202
548 182
633 20
394 90
779 111
85 295
500 603
795 212
775 463
773 16
193 497
246 84
678 163
438 644
622 538
663 256
463 423
647 74
93 47
741 34
283 736
433 744
563 698
496 774
318 471
353 433
759 642
218 319
751 651
31 728
293 280
782 629
142 355
802 229
293 642
17 241
539 285
708 413
211 671
301 13
415 402
234 355
635 19
383 657
669 65
754 262
211 524
293 758
747 697
685 458
434 513
559 20
318 27
694 276
784 592
314 91
615 463
554 241
305 189
243 58
340 791
701 245
724 330
3 562
716 164
451 806
407 769
595 183
383 602
523 496
762 408
719 207
796 428
123 699
742 28
330 115
382 114
529 665
810 213
459 301
224 228
410 408
721 571
622 790
572 197
66 134
97 641
358 541
11 40
137 687
347 300
544 300
230 25
67 787
428 619
91 168
78 201
735 789
187 182
622 747
362 753
503 766
558 714
812 257
664 274
751 665
245 279
488 277
40 511
726 420
57 411
276 582
584 795
763 265
786 75
725 348
338 417
578 743
359 756
519 526
604 13
601 574
92 242
418 383
697 262
311 231
681 613
354 603
484 670
810 516
531 600
545 664
67 305
33 118
99 438
675 351
623 532
138 45
391 653
57 332
526 347
481 390
655 265
537 514
173 319
189 613
19 786
468 269
343 318
110 543
257 76
537 262
639 486
97 100
141 187
8 265
384 469
447 503
303 797
177 2
743 564
262 676
441 510
179 38
644 677
86 427
273 241
18 477
626 134
232 562
201 703
153 291
541 38
421 297
92 223
637 551
450 809
645 807
671 358
41 284
273 482
103 624
557 29
405 651
32 73
14 73
562 503
87 676
473 368
173 492
510 26
476 158
77 248
146 482
141 601
183 226
298 284
338 455
475 10
545 627
27 228
792 738
411 542
156 589
53 755
312 192
489 582
253 628
268 510
676 319
624 294
397 367
353 588
650 360
56 656
158 392
763 403
603 423
581 15
666 806
314 283
747 402
58 514
354 667
694 736
585 167
446 251
309 623
324 6
494 94
223 612
597 577
714 665
15 737
462 396
451 274
516 108
148 214
438 60
700 727
797 635
384 406
443 481
499 614
740 465
648 554
287 401
493 274
700 494
789 241
395 633
259 420
116 366
567 638
89 511
35 164
265 163
397 762
594 506
712 563
779 376
537 680
735 289
805 98
494 75
808 590
507 377
486 422
626 725
432 532
18 743
541 494
263 766
805 693
202 694
693 152
61 166
689 136
183 141
278 183
149 736
113 522
456 608
335 576
794 553
487 38
330 487
165 180
175 711
658 210
352 713
677 791
571 715
269 214
789 686
1 792
322 582
528 746
608 29
78 132
598 593
239 809
669 374
604 367
599 295
310 654
557 298
452 254
537 765
465 390
681 193
114 271
612 18
414 457
604 232
91 455
45 156
487 124
557 681
382 729
483 453
429 416
738 154
252 752
62 436
659 132
789 419
569 353
267 213
285 750
357 124
166 186
697 419
345 99
102 101
504 500
431 620
524 130
577 790
550 296
513 389
378 256
18 578
24 657
465 675
271 360
60 728
603 79
553 274
505 54
515 155
434 385
138 596
752 81
239 280
331 645
703 656
200 67
570 34
252 527
537 363
585 459
393 287
533 582
125 356
625 273
354 755
680 727
19 16
641 80
262 799
577 676
762 68
42 129
459 207
672 8
536 714
101 117
417 706
767 530
518 6
193 114
704 78
402 494
559 320
35 315
721 610
521 413
737 10
247 496
446 600
440 423
361 474
507 602
280 530
28 459
520 190
67 507
125 500
452 68
168 85
434 154
261 198
339 601
604 161
199 61
478 344
380 211
635 311
133 679
491 100
541 809
804 781
21 566
344 112
159 688
41 800
603 262
275 251
477 812
436 293
798 793
542 167
615 471
788 474
89 683
282 617
98 288
498 701
163 9
89 97
656 702
248 609
614 657
65 699
243 437
